1	21253974,4
2	21126161,6
3	21051856
4	21152940,8
5	21485876,8
6	21293326,4
7	21485854,4
8	21459484,8
9	21576470,4
10	21947489,6
11	21404648
12	21385920
13	21695846,4
14	21437900,8
15	21025476,8
16	21509193,6
17	21657398,4
18	21479665,6
19	21251092,8
20	21443945,6
21	21774300,8
22	21120574,4
23	21406241,6
24	21336510,4
25	21715464
26	21681353,6
27	21649401,6
28	21783292,8
29	21786296
30	21994444,8
31	21622334,4
32	21988297,6
33	21166412,8
34	21896489,6
35	21671705,6
36	21431452,8
37	21115577,6
38	20694432
39	21015780,8
40	21034326,4
41	20935180,8
42	21148937,6
43	20923384
44	21016078,4
45	20882876,8
46	20769406,4
47	20649033,6
48	20846852,8
49	20851486,4
50	20974588,8
51	20774076,8
52	20697193,6
53	20643036,8
54	21088980,8
55	20642676,8
56	20602712
57	21084440
58	20601569,6
59	20641542,4
60	20590872
61	20774740,8
62	21007326,4
63	20671540,8
64	20432150,4
65	20737952
66	20961900,8
67	21251638,4
68	21356348,8
69	21170198,4
70	21064924,8
71	21396353,6
72	21276768
73	21270528
74	21504060,8
75	21244806,4
76	21476504
77	21308796,8
78	21180558,4
79	20945468,8
80	21616585,6
81	21001184
82	21023052,8
83	20982185,6
84	20994968
85	20778753,6
86	21033689,6
87	20771736
88	20975632
89	21059318,4
90	20936481,6
91	20571760
92	21996121,6
93	21084593,6
94	20999580,8
95	21349136
96	20998166,4
97	20598904
98	20862760
99	20959752
100	20858396,8
101	21149384
102	20821524,8
103	21401972,8
104	20954548,8
105	21132868,8
106	20995360
107	21098908,8
108	21131512
109	20891404,8
110	21269872
111	21212780,8
112	21209001,6
113	21174841,6
114	21649984
115	21243430,4
116	21619544
117	21419604,8
118	21333838,4
119	21169598,4
120	21736713,6
121	21592724,8
122	21162664
123	21719884,8
124	21606512
125	20929028,8
126	21503494,4
127	21562801,6
128	21582608
129	21058036,8
130	20940252,8
131	20406196,8
132	20061638,4
133	20196348,8
134	20259260,8
135	20156894,4
136	20201100,8
137	20186740,8
138	20367332,8
139	19956920
140	20585512
141	20171332,8
142	20302336
143	19582912
144	19308166,4
145	19223884,8
146	19724784
147	19805774,4
148	19744366,4
149	19614817,6
150	19928465,6
151	19757553,6
152	19586265,6
153	19706368
154	19401438,4
155	19550440
156	19705060,8
157	19673656
158	19747393,6
159	19828792
160	19713249,6
161	19534286,4
162	19808512
163	19542486,4
164	19531390,4
165	19825224
166	19620056
167	19325224
168	20075252,8
169	19795910,4
170	19945134,4
171	19723601,6
172	19859492,8
173	20258604,8
174	19740368
175	19947017,6
176	20166654,4
177	19813292,8
178	19813870,4
179	19844608
180	19943465,6
181	19479614,4
182	20114060,8
183	20158848
184	20024364,8
185	19660412,8
186	19873628,8
187	19790849,6
188	19982166,4
189	19530936
190	19795961,6
191	19922878,4
192	19762604,8
193	20071176
194	19702008
195	19739801,6
196	19931161,6
197	19686016
198	19613633,6
199	19709324,8
200	19817870,4
201	20083840
202	19839310,4
203	19698684,8
204	19718433,6
205	20030820,8
206	19953305,6
207	20039812,8
208	20150166,4
209	19637452,8
210	19467948,8
211	20033118,4
212	19634897,6
213	20162188,8
214	20184388,8
215	19663076,8
216	19527118,4
217	19719361,6
218	19607180,8
219	19786518,4
220	19842758,4
221	19701081,6
222	19902024
223	20160865,6
224	19826433,6
225	19966614,4
226	20122577,6
227	20340753,6
228	19954176
229	19696080
230	19760529,6
231	19701392
232	19899324,8
233	19958841,6
234	20040292,8
235	20277665,6
236	19706816
237	20057520
238	19854889,6
239	20214913,6
240	19850302,4
241	20299720
242	20001766,4
243	19943844,8
244	19840460,8
245	19999012,8
246	20478865,6
247	19757713,6
248	20074864
249	20204856
250	19581913,6
251	19988406,4
252	19725820,8
253	20197652,8
254	19747889,6
255	20244729,6
256	19709561,6
257	20184836,8
258	19710366,4
259	20026764,8
260	20311328
261	20278472
262	19710896
263	20350321,6
264	20036412,8
265	19946390,4
266	19658873,6
267	19690262,4
268	19765321,6
269	19894952
270	20113044,8
271	20290668,8
272	20049625,6
273	20884020,8
274	20137972,8
275	20083092,8
276	20498084,8
277	20159262,4
278	20335438,4
279	20260033,6
280	20805636,8
281	20971072
282	20114896
283	20834494,4
284	20479000
285	20893816
286	20080726,4
287	20098465,6
288	20146049,6
289	20129488
290	20130425,6
291	20418064
292	20104988,8
293	21337296
294	20698116,8
295	20937641,6
296	20510414,4
297	20801080
298	20498998,4
299	20628104
300	20227412,8
301	20114288
302	20931320
303	20360732,8
304	20709753,6
305	20503206,4
306	20303638,4
307	20773120
308	19993388,8
309	20038488
310	20946638,4
311	20268273,6
312	20335204,8
313	20464716,8
314	20718822,4
315	20197396,8
316	20342696
317	20353142,4
318	20591996,8
319	20405104
320	20158238,4
321	20930654,4
322	20727977,6
323	20897304
324	20976880
325	20413102,4
326	20858264
327	20643748,8
328	20583932,8
329	21089424
330	20540993,6
331	20599588,8
332	20769481,6
333	20379814,4
334	20263592
335	20406574,4
336	20334100,8
337	20208718,4
338	20256772,8
339	20038100,8
340	21019532,8
341	20675008
342	20083793,6
343	20287385,6
344	20228512
345	20339550,4
346	20094801,6
347	20658064
348	20633113,6
349	20613918,4
350	15861371,2
351	14014686,4
352	14083280
353	12744090,4
354	12293163,2
355	12680942,4
356	12928380,8
357	13018488,8
358	12523008,8
359	12375863,2
360	12006420
361	11908136
362	11641555,2
363	11745004,8
364	12012852,8
365	11713726,4
366	11051718,4
367	11569203,2
368	11247139,2
369	10992276,8
370	10821251,2
371	10991190,4
372	10685604,8
373	10693567,2
374	10798396
375	10664708
376	10630583,2
377	10595820
378	10365896,8
379	10668300,8
380	10542504,8
381	10911344
382	10460008,8
383	10583775,2
384	11259176,8
385	10593411,2
386	10579642,4
387	11087856
388	10249696
389	10494604
390	10233407,2
391	10715867,2
392	10513160,8
393	10384732,8
394	10406191,2
395	10404300,8
396	10188944
397	10151943,2
398	10080250,4
399	9812037,12
400	9911608,96
401	9728680,32
402	9707496,96
403	9784689,92
404	9846412,16
405	9627699,84
406	9629560,32
407	9464620,16
408	9537946,88
409	9324090,24
410	9370323,2
411	9154885,76
412	9405932,8
413	9261731,2
414	9210970,24
415	9121932,8
416	9005248
417	9031136
418	9026046,72
419	9122069,12
420	8958787,84
421	8848325,12
422	8846515,84
423	8727806,72
424	8776828,16
425	8861223,04
426	8637313,28
427	8732160
428	8650645,76
429	8508097,92
430	8532721,28
431	8469141,76
432	8457836,16
433	8706730,24
434	8338078,72
435	8395784,32
436	8349756,8
437	8390757,12
438	8334766,08
439	8393640,32
440	8289744
441	8212357,12
442	8421381,76
443	7865617,28
444	7938157,44
445	7891674,24
446	7959905,28
447	7938148,48
448	7656000
449	7733710,72
450	7781126,4
451	7599219,2
452	7708672,64
453	7648704,64
454	7587728,64
455	7675191,04
456	7653577,6
457	7610722,56
458	7591425,92
459	7613579,52
460	7480114,56
461	7543454,08
462	7495726,08
463	7466424,32
464	7519257,6
465	7448010,24
466	7345603,84
467	7520010,88
468	7436784
469	7345180,16
470	7412563,84
471	7418906,88
472	7346350,72
473	7372324,48
474	7423665,28
475	7373269,12
476	7352718,72
477	7322241,92
478	7222341,12
479	7242785,28
480	7215856,64
481	7223585,28
482	7200327,04
483	7197894,4
484	7165873,28
485	7151235,2
486	7118226,56
487	7186530,56
488	7234372,48
489	7193424,64
490	7248728,32
491	7131223,04
492	7135122,56
493	7039345,28
494	7056918,4
495	7149626,24
496	7178937,6
497	7019123,2
498	6941941,12
499	6996668,16
500	7124960
501	7064478,72
502	7003325,44
503	6987096,32
504	7018325,76
505	6922334,72
506	7079308,16
507	7111758,08
508	7058206,08
509	6977676,16
510	7000663,04
511	6911125,76
512	6992963,2
513	6985487,36
514	7539160,96
515	7140146,56
516	7019523,84
517	7061427,84
518	7048501,12
519	7067864,96
520	7026144
521	7006857,6
522	7010638,72
523	7005143,68
524	6962131,84
525	6971589,76
526	6935822,72
527	6895868,16
528	6925868,8
529	6890120,96
530	6851052,16
531	6722752,64
532	6818304,64
533	6734606,08
534	6704519,04
535	6662343,04
536	6686482,56
537	6667749,76
538	6721154,56
539	6727443,84
540	6785664
541	6800767,36
542	6809349,76
543	6778597,12
544	6702201,6
545	6756598,4
546	6761248
547	6692498,56
548	6817316,48
549	6763266,56
550	6812803,2
551	6907201,28
552	6975443,84
553	6792343,04
554	6805877,12
555	6816851,84
556	6817456,64
557	6761128,96
558	6732141,44
559	6683863,04
560	6663516,16
561	6694078,08
562	6599824,64
563	6704703,36
564	6839413,12
565	6816014,72
566	6774380,16
567	6603232
568	6786278,4
569	6787463,04
570	6550126,72
571	6753787,52
572	6807655,68
573	6900116,48
574	6959643,52
575	6943371,52
576	6959832,32
577	6834441,6
578	6746069,12
579	6817082,24
580	6531292,16
581	6699024,64
582	6920236,8
583	6808807,68
584	6900874,88
585	6765952,64
586	6732263,68
587	6629484,16
588	6590891,52
589	6688691,2
590	6566972,16
591	6507672,96
592	6629028,48
593	6729385,6
594	6870028,16
595	7089801,6
596	6917747,84
597	6910508,16
598	6972071,04
599	6920880
600	7018925,44
601	7173438,08
602	6946437,12
603	6910307,84
604	6903108,48
605	6910071,04
606	6835623,04
607	6802131,84
608	6964688,64
609	6986738,56
610	6826222,08
611	6860463,36
612	6837884,8
613	7030243,84
614	6835680,64
615	6991269,76
616	6879866,24
617	6764678,4
618	6722483,84
619	6782488,96
620	6819492,48
621	6661528,32
622	6757319,68
623	6782169,6
624	6872454,4
625	6780005,12
626	6918094,08
627	6685631,36
628	6824270,08
629	6901034,24
630	6713573,12
631	6984981,12
632	6619614,08
633	6478917,12
634	6432010,24
635	6380544,64
636	6567164,16
637	6523109,12
638	6589068,8
639	6684777,6
640	6875877,12
641	6854888,32
642	6562709,76
643	6695536,64
644	6722699,52
645	6554912,64
646	6591153,28
647	6602862,08
648	6570969,6
649	6776064,64
650	6962909,44
651	6849272,32
652	6583883,52
653	6653678,08
654	6665119,36
655	6665593,6
656	6759855,36
657	6480819,84
658	6597234,56
659	6600743,04
660	6616554,24
661	6514489,6
662	6862389,12
663	6730282,88
664	6711191,04
665	6710000,64
666	6523223,04
667	6644931,84
668	6541297,28
669	6851473,28
670	6687976,32
671	6639719,68
672	6592382,72
673	6579769,6
674	6517323,52
675	6326608,64
676	6575019,52
677	6548316,16
678	6515998,72
679	6512585,6
680	6497783,04
681	6544309,12
682	6691842,56
683	6619221,12
684	6606336
685	6625587,84
686	6497924,48
687	6610664,32
688	6517248,64
689	6686390,4
690	6559786,24
691	6568634,88
692	6593424
693	6569395,84
694	6556836,48
695	6618419,84
696	6648870,4
697	6603544,96
698	6707831,68
699	6653477,12
700	6682184,96
701	6612161,28
702	6724610,56
703	6688775,68
704	6644931,2
705	6586068,48
706	6702463,36
707	6704826,24
708	6655492,48
709	6496240,64
710	6865802,24
711	6698936,32
712	6766482,56
713	6746256,64
714	6924785,28
715	6570750,08
716	6736016,64
717	6850158,08
718	6804835,84
719	6798771,2
720	6891318,4
721	6671735,04
722	6794071,68
723	6653304,32
724	6734693,12
725	6847361,92
726	6776418,56
727	6711144,32
728	6943543,04
729	6983320,96
730	7031282,56
731	7051580,8
732	7107960,96
733	7397634,56
734	7575299,84
735	7254796,16
736	7421376,64
737	7431169,92
738	7337511,04
739	7487787,52
740	7640602,24
741	7361985,28
742	7539549,44
743	7450590,08
744	7935763,2
745	7866014,72
746	7749436,8
747	7688890,88
748	7857228,16
749	7730053,12
750	7801083,52
751	7868910,08
752	7983399,04
753	7860984,32
754	7998880,64
755	8141333,12
756	8244698,24
757	8482709,76
758	8391123,84
759	8365566,72
760	8139539,2
761	8359480,96
762	8631964,16
763	8497820,16
764	8819050,24
765	8774135,04
766	8801729,92
767	8756081,28
768	8841861,12
769	8856545,28
770	8817310,08
771	8893061,76
772	9047768,32
773	9056327,04
774	9138657,92
775	8747950,08
776	9098336
777	9221091,2
778	9049854,08
779	8961683,2
780	8987882,24
781	9182865,92
782	9255580,16
783	9337315,2
784	9357479,04
785	9521640,32
786	9377413,76
787	9238058,88
788	9403288,32
789	9385525,12
790	9538163,2
791	9587880,96
792	9765568
793	9585656,32
794	9477409,28
795	9567904
796	9702547,84
797	9573164,8
798	9777260,8
799	9609098,24
800	9689470,08
801	9860369,28
802	9889084,8
803	9886865,28
804	9856403,84
805	9927207,04
806	10001204,8
807	9977176,32
808	10112552
809	10039546,4
810	10121344,8
811	10326558,4
812	10224050,4
813	10191603,2
814	10235288
815	10211140,8
816	10306395,2
817	10215854,4
818	10168767,2
819	10228044
820	10333730,4
821	10383972,8
822	10020820
823	10152696,8
824	10325772,8
825	10160723,2
826	10155227,2
827	10181698,4
828	10201387,2
829	10239502,4
830	10224027,2
831	10225132
832	10380480
833	10279314,4
834	10383823,2
835	10383364,8
836	10364822,4
837	10394282,4
838	10402719,2
839	10467834,4
840	10501658,4
841	10500652
842	10529360
843	10558572,8
844	10546936
845	10541992
846	10674618,4
847	10701359,2
848	10987400,8
849	10719854,4
850	10801780,8
851	10701574,4
852	10778044
853	10861939,2
854	10847238,4
855	10959303,2
856	10964492,8
857	10982143,2
858	10998811,2
859	11146318,4
860	11980152
861	12091744
862	12182724,8
863	12117274,4
864	12149287,2
865	12162675,2
866	12163508,8
867	12189570,4
868	12222695,2
869	12284204,8
870	12268710,4
871	12358915,2
872	12364252
873	12447686,4
874	12458452
875	12456924
876	12479399,2
877	12542967,2
878	12758780
879	12574140,8
880	12550819,2
881	12651366,4
882	12568006,4
883	12535599,2
884	12607734,4
885	13634842,4
886	13723008
887	13747004,8
888	13792592,8
889	13798364
890	13781811,2
891	13698700,8
892	13670463,2
893	13654204,8
894	13870458,4
895	13667564
896	13647504
897	13994554,4
898	13324736
899	13258567,2
900	13849591,2
901	13080391,2
902	13340266,4
903	13041654,4
904	13168615,2
905	13309832
906	13870204,8
907	13743286,4
908	13769770,4
909	13801212
910	13853344
911	13863764
912	13189332
913	13242356
914	13222718,4
915	13810100
916	13279007,2
917	13929286,4
918	13012319,2
919	13268760,8
920	13481838,4
921	13155627,2
922	13480703,2
923	13374544
924	13925967,2
925	12995935,2
926	13153659,2
927	13995314,4
928	13249334,4
929	13368304
930	13336998,4
931	13478672,8
932	13413116
933	13549480,8
934	13554136
935	13429519,2
936	13593504
937	13553372,8
938	12999299,2
939	13657027,2
940	13611139,2
941	13666428
942	13679868
943	13906906,4
944	13750894,4
945	13991622,4
946	13015654,4
947	12808432,8
948	13010284,8
949	12994935,2
950	12922068
951	13091634,4
952	12985316
953	12878084,8
954	12950682,4
955	13273091,2
956	13207431,2
957	13443567,2
958	13101276,8
959	12938639,2
960	12859204
961	12950444,8
962	12926252,8
963	12938894,4
964	12830070,4
965	12915302,4
966	12876408,8
967	12617122,4
968	13101150,4
969	12182286,4
970	12874308
971	12858876,8
972	12718422,4
973	12825090,4
974	12834439,2
975	13147048
976	12880211,2
977	13727043,2
978	13049832,8
979	12900248,8
980	12646216,8
981	12968698,4
982	13300327,2
983	12888774,4
984	12930824
985	12896815,2
986	12904034,4
987	12926342,4
988	12995060
989	13160588
990	13117634,4
991	13115502,4
992	12826170,4
993	13179640,8
994	12753523,2
995	13178663,2
996	13074142,4
997	13290244,8
998	13158830,4
999	13492987,2
1000	12914775,2
1001	12640726,4
1002	13112688
1003	12850135,2
1004	12747928,8
1005	12761564,8
1006	12806399,2
1007	12951692,8
1008	13004752,8
1009	13142222,4
1010	12955000
1011	13081476
1012	13068175,2
1013	12910654,4
1014	13188691,2
1015	13353274,4
1016	13107804,8
1017	13158572,8
1018	13261040,8
1019	13200031,2
1020	13066228
1021	13234894,4
1022	14033523,2
1023	13592654,4
1024	13538438,4
1025	14256360
1026	13813408
1027	13619494,4
1028	13139019,2
1029	13025346,4
1030	12993123,2
1031	13317092
1032	13984107,2
1033	13281988
1034	13352576
1035	12920308,8
1036	12992256
1037	13229698,4
1038	12959934,4
1039	13253046,4
1040	13045423,2
1041	13081619,2
1042	13382022,4
1043	13446747,2
1044	12997674,4
1045	13132506,4
1046	12632415,2
1047	12532566,4
1048	12827028,8
1049	12758862,4
1050	12923379,2
1051	12860580
1052	13986043,2
1053	14335032
1054	14134838,4
1055	13850003,2
1056	14208254,4
1057	14903795,2
1058	14693907,2
1059	14479171,2
1060	14383246,4
1061	13649164,8
1062	14107529,6
1063	14093278,4
1064	13714558,4
1065	14126681,6
1066	13686171,2
1067	14205246,4
1068	14569496
1069	14665134,4
1070	14528328
1071	14081732,8
1072	14217128
1073	14368643,2
1074	14109059,2
1075	14174704
1076	13961464
1077	14015654,4
1078	14089627,2
1079	14579308,8
1080	14484728
1081	14314283,2
1082	13966832
1083	14204867,2
1084	14304846,4
1085	13957536
1086	13626803,2
1087	13907984
1088	13746096
1089	13784328
1090	13815123,2
1091	14117971,2
1092	14666651,2
1093	14244915,2
1094	13977324,8
1095	14546880
1096	14257713,6
1097	13996811,2
1098	13714563,2
1099	13884857,6
1100	14710676,8
1101	14418398,4
1102	14892502,4
1103	14718048
1104	14829347,2
1105	14730051,2
1106	14499766,4
1107	14285382,4
1108	14031912
1109	14430494,4
1110	14381827,2
1111	14587340,8
1112	13981056
1113	14286219,2
1114	14559347,2
1115	14330668,8
1116	14852286,4
1117	14365851,2
1118	14432156,8
1119	14259430,4
1120	13969686,4
1121	13944011,2
1122	13618696
1123	13942038,4
1124	14061915,2
1125	14272838,4
1126	14203326,4
1127	14295812,8
1128	14770894,4
1129	14184489,6
1130	13825507,2
1131	14102900,8
1132	14755638,4
1133	14816529,6
1134	14911897,6
1135	14415672
1136	14563211,2
1137	14226656
1138	14584353,6
1139	14615939,2
1140	14198265,6
1141	14996392
1142	14681256
1143	14851528
1144	14365080
1145	14672238,4
1146	14795088
1147	14828488
1148	14734268,8
1149	14604024
1150	14869931,2
1151	14761075,2
1152	14553025,6
1153	14550700,8
1154	14663812,8
1155	14557339,2
1156	14754155,2
1157	13780840
1158	14548566,4
1159	13864788,8
1160	14857369,6
1161	14771139,2
1162	14898104
1163	14680219,2
1164	14105832
1165	13922006,4
1166	14119716,8
1167	13906104
1168	14097296
1169	13967464
1170	13979371,2
1171	14141347,2
1172	14054971,2
1173	13956480
1174	13965494,4
1175	14018552
1176	13887192
1177	14238299,2
1178	13995424
1179	13934968
1180	14096481,6
1181	13880152
1182	13812380,8
1183	14008622,4
1184	14121764,8
1185	13817153,6
1186	14101638,4
1187	13930390,4
1188	13926368
1189	13808094,4
1190	14161195,2
1191	14068153,6
1192	13927878,4
1193	13926614,4
1194	13830702,4
1195	13833542,4
1196	13922062,4
1197	13717105,6
1198	13698374,4
1199	13968286,4
1200	13870046,4
1201	14060451,2
1202	13906075,2
1203	13782555,2
1204	13808155,2
1205	13704625,6
1206	13699688
1207	14062971,2
1208	13626625,6
1209	13846910,4
1210	13780478,4
1211	13676163,2
1212	13660600
1213	13800769,6
1214	13754838,4
1215	13797579,2
1216	13792648
1217	13934435,2
1218	13849315,2
1219	13846310,4
1220	13845577,6
1221	13866646,4
1222	13858851,2
1223	14005988,8
1224	13866708,8
1225	13852080
1226	13950961,6
1227	14030608
1228	13921582,4
1229	14054739,2
1230	13962520
1231	13991180,8
1232	13872416
1233	14147008
1234	13860672
1235	13961280
1236	13831851,2
1237	13855568
1238	13624536
1239	13949976
1240	13760793,6
1241	13951454,4
1242	13959488
1243	13966843,2
1244	13807409,6
1245	14004939,2
1246	13845708,8
1247	13813974,4
1248	13808440
1249	13713601,6
1250	13729080
1251	13674748,8
1252	13885246,4
1253	13701003,2
1254	13811320
1255	13863614,4
1256	14027936
1257	13763928
1258	13887406,4
1259	13913363,2
1260	13876960
1261	13848643,2
1262	14085670,4
1263	13926510,4
1264	13911240
1265	14044161,6
1266	13817064
1267	14046184
1268	14086344
1269	13982259,2
1270	13900731,2
1271	13893086,4
1272	13922697,6
1273	14090828,8
1274	14037840
1275	14086633,6
1276	14017956,8
1277	14105862,4
1278	14084632
1279	14144990,4
1280	14147940,8
1281	14055238,4
1282	14385161,6
1283	14107249,6
1284	14240761,6
1285	14134862,4
1286	14177686,4
1287	13953009,6
1288	14098960
1289	13975360
1290	14118704
1291	14040854,4
1292	14234345,6
1293	14095792
1294	14233096
1295	14274648
1296	14276003,2
1297	14085982,4
1298	14172806,4
1299	14545278,4
1300	14307374,4
1301	14313611,2
1302	14135345,6
1303	14143427,2
1304	14136644,8
1305	13822476,8
1306	13918723,2
1307	13896824
1308	13999564,8
1309	14162491,2
1310	14226590,4
1311	13720385,6
1312	13959758,4
1313	14137774,4
1314	14073244,8
1315	14194753,6
1316	13977062,4
1317	13956905,6
1318	13656067,2
1319	14108774,4
1320	13939667,2
1321	14139230,4
1322	13975238,4
1323	14214912
1324	14087712
1325	14036580,8
1326	14329635,2
1327	13714078,4
1328	13998891,2
1329	14181448
1330	13946936
1331	13688808
1332	13933833,6
1333	13795614,4
1334	13743244,8
1335	13872918,4
1336	13848609,6
1337	13904486,4
1338	13703838,4
1339	13855867,2
1340	13864739,2
1341	13838774,4
1342	13702652,8
1343	13897310,4
1344	13807424
1345	13699006,4
1346	13815563,2
1347	13782910,4
1348	13663400
1349	13735753,6
1350	13593243,2
1351	13821950,4
1352	13674171,2
1353	13758134,4
1354	13905880
1355	13911132,8
1356	14140128
1357	13816492,8
1358	13771638,4
1359	13765745,6
1360	13879195,2
1361	13881915,2
1362	13845784
1363	13938715,2
1364	13983224
1365	13796724,8
1366	13903593,6
1367	13965569,6
1368	13799024
1369	13882246,4
1370	13608611,2
1371	13804654,4
1372	13779420,8
1373	13968571,2
1374	14162857,6
1375	6199344,64
1376	5309704,64
1377	4707855,36
1378	4572264,64
1379	4146717,12
1380	4081501,76
1381	3946341,12
1382	3850554,24
1383	4014299,84
1384	4017846,08
1385	4220848,96
1386	4104991,04
1387	4018124,8
1388	3767960,96
1389	3753434,24
1390	3543298,24
1391	3387436,8
1392	3603715,52
1393	3513969,28
1394	3212296,32
1395	3557262,08
1396	3579064
1397	3499921,28
1398	3354539,2
1399	3539764,8
1400	3545652,8
1401	3493993,28
1402	3657341,44
1403	3858071,68
1404	3469630,72
1405	3941781,12
1406	3352163,84
1407	3097526,72
1408	3338394,56
1409	3129465,6
1410	3292860,8
1411	3063415,04
1412	3102307,52
1413	3984060,48
1414	3199362,88
1415	3296624,32
1416	3426442,56
1417	3833237,44
1418	3417521,6
1419	3059264
1420	3189116,16
1421	3730113,6
1422	3189363,52
1423	3514439,04
1424	3509506,56
1425	3310597,12
1426	2955512,96
1427	3649806,08
1428	3299859,84
1429	3026298,24
1430	3195920
1431	3393839,04
1432	3204680,96
1433	3425958,72
1434	3580450,56
1435	3734307,52
1436	3248954,88
1437	3256794,56
1438	3320050,88
1439	3461869,12
1440	3366532,8
1441	3362208
1442	3514441,28
1443	3156485,76
1444	3457074,88
1445	3558101,44
1446	3149821,12
1447	3175231,68
1448	3207820,8
1449	3228391,04
1450	2951467,52
1451	3171198,08
1452	3216032,96
1453	3562780,48
1454	3484758,08
1455	4278030,08
1456	3735827,2
1457	3548688,32
1458	3536932,8
1459	4281850,56
1460	4126064,32
1461	3516016,64
1462	3078051,84
1463	3104948,16
1464	3239478,72
1465	3159542,08
1466	3165785,28
1467	2835193,6
1468	3333489,92
1469	3013473,92
1470	3376764,8
1471	3377652,8
1472	3125200,32
1473	3224251,52
1474	3466460,48
1475	3498576,32
1476	3093985,6
1477	3278768,32
1478	3069592,96
1479	3370194,56
1480	3304149,44
1481	3088734,08
1482	3124912,96
1483	4022765,44
1484	2968640,32
1485	2773448,64
1486	2875428,8
1487	2874804,8
1488	3083552
1489	3208078,4
1490	3287861,44
1491	3447452,48
1492	3317814,08
1493	2971840,64
1494	3168919,36
1495	3698426,56
1496	3294219,2
1497	3426691,2
1498	3181269,12
1499	3920512,32
1500	3157646,08
1501	3065623,36
1502	3265667,2
1503	3640903,04
1504	3037626,88
1505	3786943,04
1506	3387179,84
1507	3505332,48
1508	3044440,96
1509	3188127,68
1510	3256449,28
1511	2892345,28
1512	3685684,8
1513	3535819,52
1514	3148653,12
1515	3160083,52
1516	4133396,8
1517	3687652,8
1518	3484304
1519	3283261,76
1520	2942752,64
1521	3244738,88
1522	3142454,08
1523	3801919,68
1524	3492074,24
1525	2952248
1526	2819054,72
1527	3137281,92
1528	3247230,4
1529	3013026,56
1530	3211449,6
1531	3014567,04
1532	2799798,08
1533	2912065,28
1534	3172745,28
1535	3099547,52
1536	2631652
1537	3079828,16
1538	3258092,8
1539	3183576,64
1540	2922240,96
1541	2956076,8
1542	2959318,72
1543	2901733,12
1544	2771666,56
1545	2974097,28
1546	3727518,08
1547	3622991,04
1548	3162505,28
1549	3582181,44
1550	3412732,8
1551	3097662,08
1552	3155907,2
1553	3690439,68
1554	2861761,92
1555	3005551,04
1556	3028493,44
1557	2979655,36
1558	3240137,6
1559	3076585,6
1560	3132063,04
1561	3588408,32
1562	3078681,28
1563	3034364,16
1564	3497322,56
1565	3172657,92
1566	3001782,08
1567	3229759,04
1568	2924344
1569	3438095,04
1570	3456757,44
1571	3502895,04
1572	3277615,04
1573	3128937,6
1574	3056044,8
1575	3122838,4
1576	3081559,04
1577	3363393,92
1578	3443162,24
1579	3468594,24
1580	3686816,96
1581	3235923,52
1582	3421203,52
1583	3200863,04
1584	3301118,08
1585	3185171,52
1586	3384437,44
1587	3552019,52
1588	3149585,28
1589	2875868,8
1590	2947229,12
1591	3494878,08
1592	3159598,08
1593	3061735,36
1594	3485674,88
1595	3869113,28
1596	3143141,76
1597	3149788,8
1598	3335219,52
1599	3170267,52
1600	3221787,52
1601	3256610,88
1602	2887556,48
1603	2977510,4
1604	3579050,56
1605	3344801,6
1606	3353384,96
1607	3656675,2
1608	3324393,28
1609	3492466,56
1610	3447184,32
1611	3866187,2
1612	3449373,12
1613	3359555,2
1614	3042072,32
1615	3180564,8
1616	3284539,2
1617	3538681,28
1618	4198945,6
1619	3595792,32
1620	3415486,72
1621	3798377,92
1622	4111273,28
1623	3616521,28
1624	3714698,24
1625	3452506,56
1626	3569053,76
1627	3569620,16
1628	3662496,96
1629	3001538,56
1630	3129358,08
1631	3070686,72
1632	2920458,24
1633	2997271,04
1634	2883554,56
1635	2976281,92
1636	3076089,92
1637	3173143,04
1638	2796988,8
1639	3021699,2
1640	2972602,56
1641	3213582,4
1642	3354187,84
1643	3205471,04
1644	3281450,56
1645	3354108,48
1646	3074548,8
1647	3199276,48
1648	3451808
1649	3455204,8
1650	3483832,32
1651	3420719,04
1652	3503088,32
1653	3604996,16
1654	3257798,08
1655	3196299,52
1656	3308461,44
1657	3155228,8
1658	3374922,88
1659	3387927,04
1660	3502679,68
1661	3685237,12
1662	3341103,36
1663	3557706,24
1664	3391626,88
1665	3281795,52
1666	3288605,12
1667	3902884,48
1668	3530348,48
1669	3599780,8
1670	3636982,08
1671	3888721,28
1672	3754058,88
1673	3979113,6
1674	3531624,32
1675	3969993,28
1676	3388142,72
1677	3336374,4
1678	3367495,04
1679	3435352,32
1680	3368794,56
1681	3326052,8
1682	3106236,48
1683	3065585,28
1684	3260558,4
1685	3180696,32
1686	3067320,64
1687	3409825,28
1688	3231038,08
1689	3756833,92
1690	3437331,2
1691	3636032,32
1692	3868182,4
1693	3273869,12
1694	3298398,4
1695	3282364,8
1696	3442515,52
1697	3299226,56
1698	3376192,64
1699	3232327,36
1700	3472120,32
1701	3249387,52
1702	3431317,44
1703	3503273,28
1704	3460578,56
1705	3679637,12
1706	3571940,48
1707	3612060,8
1708	3549624,64
1709	3515058,88
1710	3621071,36
1711	3542429,76
1712	3647575,36
1713	3487653,44
1714	3576874,56
1715	3602643,84
1716	3586641,28
1717	3633200,32
1718	3615679,68
1719	3536442,56
1720	3540811,52
1721	3524094,72
1722	3537777,28
1723	3536867,2
1724	3560409,28
1725	3562065,6
1726	3590479,04
1727	3707480
1728	3658289,6
1729	3786500,8
1730	3818755,2
1731	3743981,76
1732	3715619,84
1733	3707179,52
1734	3841645,12
1735	3843100,16
1736	3937417,6
1737	4011292,8
1738	3998201,28
1739	4092705,6
1740	4046488,32
1741	4030209,28
1742	3966251,52
1743	4163264,32
1744	4047027,52
1745	4671008,96
1746	4113724,16
1747	4600649,6
1748	8186407,04
1749	8176101,76
1750	8157239,04
1751	8224733,44
1752	8174923,52
1753	8164528,64
1754	8168704,64
1755	8211090,56
1756	8190782,08
1757	8181386,88
1758	8170355,84
1759	8182952,96
1760	8214389,76
1761	8232926,08
1762	8205662,08
1763	8297143,04
1764	8252432,64
1765	8203954,56
1766	8219021,44
1767	8167802,24
1768	8196997,12
1769	8243194,24
1770	8211770,88
1771	8208364,16
1772	8209767,04
1773	8181184,64
1774	8200540,16
1775	8212243,84
1776	8221015,04
1777	8188318,72
1778	8161931,52
1779	8176250,24
1780	8245808
1781	8247848,96
1782	8235134,72
1783	8251602,56
1784	8223361,92
1785	8242542,72
1786	8205813,76
1787	8302704
1788	8257234,56
1789	16177296
1790	16312633,6
1791	16044011,2
1792	15738894,4
1793	16111712
1794	15959811,2
1795	16075283,2
1796	16261563,2
1797	16041856
1798	15991473,6
1799	16153760
1800	16022787,2
1801	16098195,2
1802	16231464
1803	16098243,2
1804	16330187,2
1805	16249259,2
1806	15917984
1807	16122020,8
1808	16099958,4
1809	15878126,4
1810	16110758,4
1811	16305056
1812	16125520
1813	16126107,2
1814	16329841,6
1815	16249529,6
1816	16210238,4
1817	16379902,4
1818	16196748,8
1819	16219710,4
1820	16642780,8
1821	16033795,2
1822	16297419,2
1823	16213166,4
1824	16080363,2
1825	16378803,2
1826	16341528
1827	16158696
1828	16249248
1829	16227113,6
1830	16480648
1831	16372264
1832	16516536
1833	16323030,4
1834	16277152
1835	15985739,2
1836	15828062,4
1837	16320515,2
1838	16286067,2
1839	16283332,8
1840	16441062,4
1841	16578312
1842	16125254,4
1843	16205544
1844	16398302,4
1845	16244259,2
1846	16205040
1847	16334556,8
1848	16080643,2
1849	16223168
1850	16385979,2
1851	15897259,2
1852	16395457,6
1853	16357584
1854	16067976
1855	16096811,2
1856	16352388,8
1857	15928721,6
1858	16272608
1859	16176843,2
1860	16028430,4
1861	15988550,4
1862	16192198,4
1863	15938379,2
1864	16195643,2
1865	16296022,4
1866	15896763,2
1867	16005803,2
1868	16190595,2
1869	16034515,2
1870	16169868,8
1871	16101784
1872	16386145,6
1873	15964974,4
1874	16013115,2
1875	15734521,6
1876	16301361,6
1877	15781392
1878	15894704
1879	15860371,2
1880	15913699,2
1881	15811481,6
1882	15789915,2
1883	15716665,6
1884	16178459,2
1885	16352299,2
1886	16146339,2
1887	16211756,8
1888	16057937,6
1889	16294003,2
1890	16213310,4
1891	16028788,8
1892	15961979,2
1893	15887726,4
1894	16205838,4
1895	15913048
1896	16095000
1897	16077921,6
1898	15959675,2
1899	16174726,4
1900	16324131,2
1901	16157377,6
1902	16005396,8
1903	15899881,6
1904	15915990,4
1905	16183084,8
1906	16033292,8
1907	15906966,4
1908	16250080
1909	16455550,4
1910	16220272
1911	15887310,4
1912	15819044,8
1913	15749403,2
1914	16004376
1915	15735468,8
1916	15917576
1917	16060118,4
1918	16276523,2
1919	16210878,4
1920	16277131,2
1921	16083512
1922	16063852,8
1923	15825566,4
1924	16093020,8
1925	16207328
1926	16405417,6
1927	16197043,2
1928	16118294,4
1929	15891848
1930	16217936
1931	16111374,4
1932	16018812,8
1933	15680030,4
1934	16106888
1935	15975115,2
1936	15938209,6
1937	15880424
1938	15607411,2
1939	16012094,4
1940	16344088
1941	15844841,6
1942	15731017,6
1943	16125820,8
1944	15880872
1945	16086288
1946	16139880
1947	16048713,6
1948	15873627,2
1949	16291009,6
1950	16103657,6
1951	15915961,6
1952	16342486,4
1953	16046331,2
1954	16131952
1955	15958875,2
1956	16005296
1957	16087131,2
1958	16028320
1959	16326099,2
1960	16162064
1961	15738038,4
1962	15835820,8
1963	16111169,6
1964	15945465,6
1965	15951814,4
1966	15996966,4
1967	15974017,6
1968	15754190,4
1969	16056160
1970	15807972,8
1971	15996939,2
1972	15870040
1973	15873371,2
1974	16108550,4
1975	15944152
1976	16034196,8
1977	15664049,6
1978	15609134,4
1979	15763153,6
1980	16047070,4
1981	16081049,6
1982	15905195,2
1983	15698910,4
1984	16182899,2
1985	16385944
1986	15919443,2
1987	16257716,8
1988	16168800
1989	16201395,2
1990	16146108,8
1991	16066184
1992	16279056
1993	16077126,4
1994	16017176
1995	16049819,2
1996	15909228,8
1997	16129288
1998	16068057,6
1999	15776043,2
2000	15885118,4
2001	15967448
2002	16276219,2
2003	15918347,2
2004	16176816
2005	15931230,4
2006	15828640
2007	16009014,4
2008	15999123,2
2009	16281592
2010	16036872
2011	15906785,6
2012	15990195,2
2013	15895977,6
2014	16222960
2015	15942747,2
2016	15999670,4
2017	15898880
2018	15964852,8
2019	16340736
2020	16028856
2021	16096478,4
2022	16023971,2
2023	16160232
2024	15913369,6
2025	16073561,6
2026	16095654,4
2027	16180468,8
2028	15987760
2029	16190705,6
2030	16207011,2
2031	15863174,4
2032	16235371,2
2033	16113937,6
2034	16108728
2035	15897076,8
2036	16311174,4
2037	16180660,8
2038	16066755,2
2039	15987624
2040	15992528
2041	16188414,4
2042	15987246,4
2043	16235275,2
2044	16130441,6
2045	16006635,2
2046	15776083,2
2047	16000595,2
2048	15900590,4
2049	15963128
2050	15777417,6
2051	15882848
2052	15758145,6
2053	16096070,4
2054	15754430,4
2055	15729464
2056	15903288
2057	15913798,4
2058	15895086,4
2059	15897118,4
2060	16016640
2061	16166472
2062	15862473,6
2063	16326710,4
2064	16211126,4
2065	15728993,6
2066	15862112
2067	15615491,2
2068	15868915,2
2069	15896756,8
2070	15824905,6
2071	15700468,8
2072	15953371,2
2073	15979163,2
2074	16153355,2
2075	16128968
2076	16158684,8
2077	16070443,2
2078	15978462,4
2079	15987806,4
2080	16123643,2
2081	15833459,2
2082	15914268,8
2083	15848300,8
2084	15821899,2
2085	16107897,6
2086	15891940,8
2087	16038289,6
2088	15973848
2089	16110187,2
2090	16123049,6
2091	15891332,8
2092	15718974,4
2093	15652422,4
2094	15832963,2
2095	16096334,4
2096	15997718,4
2097	16005774,4
2098	15925416
2099	15920099,2
2100	15998737,6
2101	15954675,2
2102	15908550,4
2103	16005505,6
2104	15952796,8
2105	15626144
2106	15839800
2107	15848155,2
2108	15840707,2
2109	15914833,6
2110	15658190,4
2111	15665827,2
2112	15805355,2
2113	16130054,4
2114	15744062,4
2115	15711508,8
2116	15770510,4
2117	15717766,4
2118	15654832
2119	15723830,4
2120	15528128
2121	15589259,2
2122	15903550,4
2123	15915444,8
2124	15769136
2125	15759950,4
2126	16098739,2
2127	15962916,8
2128	15826414,4
2129	15737116,8
2130	15908718,4
2131	15979820,8
2132	16120443,2
2133	15998035,2
2134	15682550,4
2135	15705179,2
2136	15794784
2137	16065388,8
2138	15764742,4
2139	15628046,4
2140	15736355,2
2141	15730408
2142	15667838,4
2143	15559267,2
2144	15443078,4
2145	15557787,2
2146	15659625,6
2147	15889696
2148	15884744
2149	15645451,2
2150	15933288
2151	15895006,4
2152	15974521,6
2153	15948568
2154	15834886,4
2155	16023187,2
2156	15665899,2
2157	15744776
2158	15844848
2159	15503174,4
2160	15453964,8
2161	15418872
2162	15630787,2
2163	15464548,8
2164	15649286,4
2165	15631129,6
2166	15785016
2167	15619795,2
2168	16109001,6
2169	16020761,6
2170	15935331,2
2171	16020694,4
2172	15418710,4
2173	15428782,4
2174	15428872
2175	15419875,2
2176	15616896
2177	15642971,2
2178	15668020,8
2179	15559012,8
2180	15366332,8
2181	15182857,6
2182	2584304
2183	2335800,48
2184	1972010,88
2185	1906368,16
2186	1840955,52
2187	1975646,88
2188	1886736,96
2189	1885395,52
2190	1904515,36
2191	1904949,28
2192	2033150,56
2193	1847132,32
2194	1861305,76
2195	1754078,24
2196	1707335,2
2197	1812471,52
2198	1783894,88
2199	1864503,2
2200	1689269,28
2201	1730739,68
2202	1721215,52
2203	1686344,16
2204	1678147,84
2205	1716197,12
2206	1683932,64
2207	1686379,04
2208	1656570,72
2209	1662001,76
2210	1687113,44
2211	1698226,56
2212	1705129,76
2213	1720197,76
2214	1710293,44
2215	1763822,4
2216	1637698,24
2217	1633751,84
2218	1670058,56
2219	1644363,04
2220	1642091,04
2221	1626052,48
2222	1628987,04
2223	1654379,84
2224	1637717,76
2225	1656121,28
2226	1638635,36
2227	1625773,28
2228	1633548,96
2229	1629321,28
2230	1639600,96
2231	1661932,16
2232	1654013,76
2233	1616592,16
2234	1628872,48
2235	1629012,16
2236	1625821,28
2237	1640686,88
2238	1631168,96
2239	1625237,92
2240	1605833,92
2241	1609528,32
2242	1626255,84
2243	1614906,72
2244	1620466,72
2245	1620638,24
2246	1618469,28
2247	1612186,56
2248	1614717,44
2249	1620649,44
2250	1640380
2251	1659634,72
2252	1617580,16
2253	1623105,76
2254	1620041,6
2255	1634799,84
2256	1593556
2257	1626335,52
2258	1639065,76
2259	1621513,44
2260	1634200,64
2261	1633169,76
2262	1645324,64
2263	1637489,6
2264	1635933,92
2265	1650205,44
2266	1626656
2267	1619081,12
2268	1616454,56
2269	1635289,12
2270	1620256,64
2271	1608777,92
2272	1623320,96
2273	1631037,76
2274	1612515,52
2275	1620328,8
2276	1619948,64
2277	1639425,76
2278	1630927,52
2279	1619034,4
2280	1620427,2
2281	1627988,64
2282	1641089,76
2283	1619498,56
2284	1641154,56
2285	1627790,88
2286	1605655,36
2287	1629378,4
2288	1610660,16
2289	1618955,84
2290	1636526,4
2291	1640597,12
2292	1607362,08
2293	1610043,52
2294	1628012,48
2295	1631986,4
2296	1613278,72
2297	1629085,28
2298	1629867,2
2299	1612526,24
2300	1630916,8
2301	1615035,68
2302	1624203,2
2303	1622642,56
2304	1635290,24
2305	1638870,72
2306	1612713,44
2307	1621971,68
2308	1619150,88
2309	1620157,76
2310	1614150,08
2311	1621653,28
2312	1619862,24
2313	1629354,4
2314	1641187,04
2315	1625847,04
2316	1626473,92
2317	1626405,28
2318	1606942,4
2319	1620415,04
2320	1628543,84
2321	1618583,52
2322	1634580,32
2323	1637816,8
2324	1627577,6
2325	1632943,52
2326	1626978,72
2327	1627080,48
2328	1633294,08
2329	1642987,2
2330	1645595,2
2331	1623291,36
2332	1639991,52
2333	1621114,88
2334	1632004,16
2335	1656946,56
2336	1645318,56
2337	1660096
2338	1649004,16
2339	1654210,88
2340	1633524,64
2341	1629016,16
2342	1647416,16
2343	1648773,28
2344	1617350,24
2345	1658490,72
2346	1655574,4
2347	1658788,16
2348	1659398,56
2349	1660521,28
2350	1659244,32
2351	1652938,56
2352	1636025,76
2353	1663224,64
2354	1667282,4
2355	1659015,52
2356	1659305,28
2357	1654496,96
2358	1671289,28
2359	1665970,08
2360	1676008,96
2361	1669152,64
2362	1648736,64
2363	1653013,92
2364	1658331,04
2365	1670057,28
2366	1667585,6
2367	1640699,2
2368	1669613,44
2369	1655929,6
2370	1648015,04
2371	1664421,76
2372	1677523,04
2373	1654077,76
2374	1687872,32
2375	1669721,76
2376	1670996,32
2377	1680484,16
2378	1677717,76
2379	1656851,52
2380	1666793,92
2381	1675981,28
2382	1679279,2
2383	1674233,76
2384	1654631,04
2385	1677695,84
2386	1669888,64
2387	1671411,36
2388	1670462,4
2389	1680134,72
2390	1652252,8
2391	1658495,04
2392	1675097,28
2393	1664447,04
2394	1678077,12
2395	1666072
2396	1672530,56
2397	1667739,68
2398	1663308,16
2399	1671984,8
2400	1672867,52
2401	1668465,28
2402	1682264,16
2403	1668594,24
2404	1691236,8
2405	1703381,12
2406	1677839,04
2407	1672341,76
2408	1688743,52
2409	1674756,32
2410	1687927,52
2411	1676746,72
2412	1684204,32
2413	1688006,08
2414	1667253,28
2415	1670856,48
2416	1674102,56
2417	1693225,6
2418	1697183,04
2419	1705199,84
2420	1693979,04
2421	1692300,32
2422	1711810,24
2423	1667545,76
2424	1670251,84
2425	1687427,04
2426	1695425,12
2427	1669530,72
2428	1706563,84
2429	1709282,88
2430	1704878,24
2431	1702082,4
2432	1714050,72
2433	1691258,24
2434	1691968,64
2435	1694141,76
2436	1672792,64
2437	1691133,92
2438	1702911,52
2439	1682712,64
2440	1673838,56
2441	1698323,84
2442	1696525,28
2443	1711377,92
2444	1697926,4
2445	1694081,76
2446	1705509,76
2447	1710289,28
2448	1706965,6
2449	1722573,28
2450	1708781,92
2451	1702154,88
2452	1721586,24
2453	1716702,24
2454	1702455,2
2455	1700956,64
2456	1689346,56
2457	1718108,16
2458	1700540,32
2459	1725555,04
2460	1718128,64
2461	1715406,4
2462	1720084,16
2463	1706983,52
2464	1702919,2
2465	1702133,76
2466	1731511,84
2467	1717441,28
2468	1725237,12
2469	1708056,16
2470	1700539,04
2471	1708865,76
2472	1718892,64
2473	1719729,92
2474	1694828,16
2475	1713547,2
2476	1744276,16
2477	1696229,28
2478	1707131,52
2479	1716339,52
2480	1737601,76
2481	1737064,64
2482	1717042,88
2483	1694640
2484	1750573,28
2485	1709687,04
2486	1716102,24
2487	1849657,76
2488	1824366,4
2489	2094016,16
2490	1723845,6
2491	1717327,36
2492	1699858,4
2493	1732606,24
2494	1753930,4
2495	1777991,52
2496	1770995,68
2497	1781029,44
2498	1767532,64
2499	1757328,16
2500	1766623,52
2501	1768118,24
2502	1772930,08
2503	1751953,44
2504	1748831,68
2505	1761794,88
2506	1750069,44
2507	1764784,48
2508	1775152,16
2509	1774215,84
2510	1752968,64
2511	1771369,44
2512	1744329,28
2513	1775527,04
2514	1795734,88
2515	1799504,64
2516	1813190,08
2517	1770711,36
2518	1842344,64
2519	1749439,04
2520	1773176,64
2521	1785666,56
2522	1780613,76
2523	1944598,24
2524	2020953,92
2525	1953305,76
2526	1886989,92
2527	1976569,44
2528	1827603,2
2529	1811789,28
2530	1828315,68
2531	1990933,92
2532	1834221,44
2533	1867617,76
2534	1864340,64
2535	2077068,48
2536	1980688,96
2537	2313945,44
2538	2129862,24
2539	1847060,16
2540	1878720,16
2541	1946101,6
2542	1938400,64
2543	1979518,4
2544	1973984,16
2545	1993603,36
2546	2313830,56
2547	1920972,48
2548	1913027,52
2549	2063173,28
2550	2170471,04
2551	2078643,04
2552	2069171,84
2553	2037749,28
2554	2052862,24
2555	2036966,72
2556	2030234,08
2557	2043941,6
2558	2024452,16
2559	2043572,16
2560	2029377,28
2561	2061567,04
2562	2043784,32
2563	2075316,32
2564	2082916,32
2565	2070196,96
2566	2073987,52
2567	2073044,48
2568	2053427,52
2569	2105764,96
2570	2071293,92
2571	2093606,72
2572	2101014,72
2573	2092461,28
2574	2117102,56
2575	2113189,28
2576	2095202,88
2577	2115887,68
2578	2138741,44
2579	2134250,24
2580	2142643,04
2581	2135785,76
2582	2144048,32
2583	2151219,04
2584	2172579,68
2585	2166800,8
2586	2196998,08
2587	2172639,68
2588	2174186,24
2589	2181871,68
2590	2165140,8
2591	2193708,32
2592	2191934,56
2593	2217937,76
2594	2225992,96
2595	2213430,72
2596	2219400,8
2597	2238942,08
2598	2253738,72
2599	2237385,28
2600	2267049,28
2601	2274824
2602	2270199,52
2603	2278531,04
2604	2273839,04
2605	2326980,96
2606	2323215,68
2607	2304043,52
2608	2320244,32
2609	2436331,52
2610	2594078,72
2611	2476657,44
2612	2285972
2613	2430141,28
2614	2343533,76
2615	2485988,8
2616	2458028,8
2617	2588666,24
2618	2534659,2
2619	2632448
2620	2452379,68
2621	2803921,92
2622	2551344,8
2623	2561826,24
2624	2651294,72
2625	2637516
2626	2408773,76
2627	2696702,08
2628	2553746,08
2629	2699499,52
2630	2431820,8
2631	2762135,68
2632	2796858,56
2633	2620211,04
2634	2595834,72
2635	2587718,72
2636	2614204,8
2637	2703981,12
2638	2441204,8
2639	2581933,76
2640	2442780
2641	2516985,28
2642	2499502,24
2643	2499505,28
2644	2536055,68
2645	2559314,24
2646	2564044
2647	2554453,44
2648	2574024,96
2649	2542299,52
2650	2577875,2
2651	2567865,76
2652	2575132
2653	2616334,08
2654	2594317,28
2655	2630664,8
2656	2596627,52
2657	2601260,8
2658	2637063,2
2659	2592966,56
2660	2588143,2
2661	2627654,56
2662	2681288,8
2663	2678162,56
2664	2745790,08
2665	2872602,24
2666	2901191,68
2667	2756027,2
2668	2924628,8
2669	2622966,72
2670	2637350,72
2671	2640280,8
2672	2652420,32
2673	2678688,96
2674	2697759,36
2675	2915852,8
2676	2685063,68
2677	2880261,12
2678	3006443,2
2679	3067083,2
2680	2905682,56
2681	2886391,04
2682	2888322,56
2683	2943153,92
2684	3128146,24
2685	3097586,24
2686	2977280,32
2687	3320894,08
2688	3072305,92
2689	3050930,56
2690	2882587,84
2691	2921689,28
2692	2955918,08
2693	3020449,28
2694	3009438,08
2695	3155582,08
2696	2968430,08
2697	3028609,92
2698	3012162,24
2699	3162315,2
2700	3150537,6
2701	2928542,72
2702	2979996,48
2703	3140462,4
2704	3001296,64
2705	2980495,68
2706	2966220,16
2707	2987545,28
2708	2993811,52
2709	3127715,84
2710	3140966,72
2711	3093616,96
2712	3100179,52
2713	3042042,56
2714	3147627,84
2715	3119216,32
2716	3058901,12
2717	3123180,48
2718	3109408,64
2719	3327652,8
2720	3229483,84
2721	3194438,08
2722	3263819,52
2723	6732263,68
2724	6629484,16
2725	6590891,52
2726	6688691,2
2727	6566972,16
2728	6507672,96
2729	6629028,48
2730	6729385,6
2731	6870028,16
2732	7089801,6
2733	6917747,84
2734	6910508,16
2735	6972071,04
2736	9049854,08
2737	8961683,2
2738	8987882,24
2739	9182865,92
2740	9255580,16
2741	9337315,2
2742	9357479,04
2743	9521640,32
2744	9377413,76
2745	9238058,88
2746	9403288,32
2747	9385525,12
2748	9538163,2
2749	9587880,96
2750	9765568
2751	9585656,32
2752	9477409,28
2753	9567904
2754	9702547,84
2755	9573164,8
2756	9777260,8
2757	9609098,24
2758	12604034,4
2759	12526342,4
2760	12695060
2761	13160588
2762	13117634,4
2763	13115502,4
2764	12826170,4
2765	13179640,8
2766	12753523,2
2767	13178663,2
2768	13074142,4
2769	13290244,8
2770	13158830,4
2771	13492987,2
2772	12914775,2
2773	12640726,4
2774	13112688
2775	12850135,2
2776	12747928,8
2777	12761564,8
2778	12806399,2
2779	12951692,8
2780	13004752,8
2781	13142222,4
2782	12955000
2783	13081476
2784	13068175,2
2785	12910654,4
2786	13188691,2
2787	13353274,4
2788	13107804,8
2789	13158572,8
2790	13261040,8
2791	13200031,2
2792	13066228
2793	13234894,4
2794	14033523,2
2795	13592654,4
2796	13538438,4
2797	14256360
2798	13813408
2799	13619494,4
2800	13139019,2
2801	13025346,4
2802	12993123,2
2803	13317092
2804	12984107,2
2805	13281988
2806	13352576
2807	12920308,8
2808	12992256
2809	13229698,4
2810	12959934,4
2811	13253046,4
2812	13045423,2
2813	13081619,2
2814	13382022,4
2815	13446747,2
2816	12997674,4
2817	13132506,4
2818	12632415,2
2819	12532566,4
2820	12827028,8
2821	12758862,4
2822	12923379,2
2823	12860580
2824	13986043,2
2825	14335032
2826	14134838,4
2827	13850003,2
2828	14208254,4
2829	14903795,2
2830	14693907,2
2831	14479171,2
2832	14383246,4
2833	13649164,8
2834	14107529,6
2835	14093278,4
2836	13714558,4
2837	14126681,6
2838	13686171,2
2839	14205246,4
2840	14569496
2841	15665134,4
2842	14928328
2843	14081732,8
2844	14217128
2845	14368643,2
2846	14109059,2
2847	14174704
2848	13961464
2849	14015654,4
2850	14089627,2
2851	14579308,8
2852	14484728
2853	14314283,2
2854	13966832
2855	14204867,2
2856	14304846,4
2857	13957536
2858	13626803,2
2859	13907984
2860	13746096
2861	13784328
2862	13815123,2
2863	14117971,2
2864	14666651,2
2865	14244915,2
2866	13977324,8
2867	14546880
2868	14257713,6
2869	13996811,2
2870	13714563,2
2871	13884857,6
2872	15010676,8
2873	14418398,4
2874	14892502,4
2875	15018048
2876	14829347,2
2877	14730051,2
2878	14499766,4
2879	14285382,4
2880	14031912
2881	14430494,4
2882	14381827,2
2883	15087340,8
2884	13981056
2885	14286219,2
2886	14559347,2
2887	14330668,8
2888	14852286,4
2889	14365851,2
2890	13926614,4
2891	13830702,4
2892	13833542,4
2893	13922062,4
2894	13717105,6
2895	13698374,4
2896	13968286,4
2897	13870046,4
2898	14060451,2
2899	13906075,2
2900	13782555,2
2901	13808155,2
2902	13704625,6
2903	13699688
2904	14062971,2
2905	13626625,6
2906	13846910,4
2907	13780478,4
2908	13676163,2
2909	13660600
2910	13800769,6
2911	13754838,4
2912	13797579,2
2913	13792648
2914	13934435,2
2915	13849315,2
2916	13846310,4
2917	13845577,6
2918	13866646,4
2919	13858851,2
2920	14005988,8
2921	13866708,8
2922	13852080
2923	13950961,6
2924	14030608
2925	13921582,4
2926	14054739,2
2927	13962520
2928	13991180,8
2929	13872416
2930	14147008
2931	13860672
2932	13961280
2933	13831851,2
2934	13855568
2935	13624536
2936	13949976
2937	13760793,6
2938	13951454,4
2939	13959488
2940	13966843,2
2941	13807409,6
2942	14004939,2
2943	13845708,8
2944	13813974,4
2945	13808440
2946	13713601,6
2947	13729080
2948	13674748,8
2949	13885246,4
2950	13701003,2
2951	13811320
2952	13863614,4
2953	14027936
2954	13763928
2955	13887406,4
2956	13913363,2
2957	13876960
2958	13848643,2
2959	14085670,4
2960	13926510,4
2961	13911240
2962	14044161,6
2963	13817064
2964	14046184
2965	14086344
2966	13982259,2
2967	13900731,2
2968	13893086,4
2969	13922697,6
2970	14090828,8
2971	14037840
2972	14086633,6
2973	14017956,8
2974	14105862,4
2975	14084632
2976	14144990,4
2977	14147940,8
2978	14055238,4
2979	14385161,6
2980	14107249,6
2981	14329841,6
2982	14849529,6
2983	15210238,4
2984	15779902,4
2985	15996748,8
2986	16219710,4
2987	16642780,8
2988	16033795,2
2989	16297419,2
2990	16213166,4
2991	16080363,2
2992	16378803,2
2993	16341528
2994	16158696
2995	16249248
2996	16227113,6
2997	16480648
2998	16372264
2999	16516536
3000	16323030,4
3001	16277152
3002	15985739,2
3003	15828062,4
3004	16320515,2
3005	16286067,2
3006	16283332,8
3007	16441062,4
3008	16578312
3009	16125254,4
3010	16205544
3011	16398302,4
3012	16244259,2
3013	16205040
3014	16334556,8
3015	16080643,2
3016	16223168
3017	16385979,2
3018	15897259,2
3019	16395457,6
3020	16357584
3021	16067976
3022	16096811,2
3023	16352388,8
3024	15928721,6
3025	16272608
3026	16176843,2
3027	16028430,4
3028	15988550,4
3029	16192198,4
3030	15938379,2
3031	16195643,2
3032	16296022,4
3033	15896763,2
3034	16005803,2
3035	16190595,2
3036	16034515,2
3037	16169868,8
3038	16101784
3039	16386145,6
3040	15964974,4
3041	16013115,2
3042	15734521,6
3043	16301361,6
3044	15781392
3045	15894704
3046	15860371,2
3047	15913699,2
3048	15811481,6
3049	15789915,2
3050	15716665,6
3051	16178459,2
3052	16352299,2
3053	16146339,2
3054	16211756,8
3055	16057937,6
3056	16294003,2
3057	16213310,4
3058	16028788,8
3059	15961979,2
3060	15887726,4
3061	16205838,4
3062	15913048
3063	16095000
3064	16077921,6
3065	15959675,2
3066	13855568
3067	13624536
3068	13949976
3069	13760793,6
3070	13951454,4
3071	13959488
3072	13966843,2
3073	13807409,6
3074	14004939,2
3075	13845708,8
3076	13813974,4
3077	13808440
3078	13713601,6
3079	13729080
3080	13674748,8
3081	13885246,4
3082	13701003,2
3083	13811320
3084	13863614,4
3085	14027936
3086	13763928
3087	13887406,4
3088	13913363,2
3089	13876960
3090	13848643,2
3091	14085670,4
3092	13926510,4
3093	13911240
3094	14044161,6
3095	13817064
3096	14046184
3097	14086344
3098	13982259,2
3099	13900731,2
3100	13893086,4
3101	13922697,6
3102	14090828,8
3103	14037840
3104	14086633,6
3105	14017956,8
3106	14105862,4
3107	14084632
3108	14144990,4
3109	14147940,8
3110	14055238,4
3111	14385161,6
3112	14107249,6
