1	15352123,2
2	15114382,4
3	15288483,2
4	15337977,6
5	16005132,8
6	16280417,6
7	15430196,8
8	15463422,4
9	15925336
10	15807345,6
11	15332870,4
12	15564795,2
13	15578043,2
14	15342420,8
15	15551112
16	14700384
17	14788867,2
18	14853476,8
19	14824908,8
20	14437520
21	14328763,2
22	14707171,2
23	15585049,6
24	14895376
25	15546987,2
26	14844131,2
27	15176595,2
28	15775572,8
29	15096784
30	14854961,6
31	14793014,4
32	14822843,2
33	15086635,2
34	14773472
35	15226371,2
36	15135438,4
37	14350342,4
38	15814014,4
39	15795059,2
40	15844440
41	14463249,6
42	14617273,6
43	14253030,4
44	14577302,4
45	15272448
46	15390755,2
47	15087723,2
48	14766478,4
49	15043867,2
50	15074891,2
51	15095606,4
52	14489494,4
53	14706155,2
54	15350310,4
55	14697718,4
56	14327764,8
57	14529776
58	14491040
59	14434918,4
60	15088718,4
61	14344059,2
62	14320256
63	14529539,2
64	14464536
65	14333705,6
66	14459360
67	14334208
68	14773612,8
69	14521667,2
70	14566147,2
71	14465854,4
72	14174201,6
73	14395976
74	14227787,2
75	14711668,8
76	14170526,4
77	14305875,2
78	14292718,4
79	15502257,6
80	14837886,4
81	14573360
82	14106339,2
83	14110750,4
84	14221569,6
85	14326243,2
86	14418204,8
87	14932622,4
88	14331728
89	14923643,2
90	14792313,6
91	14052737,6
92	14315088
93	14788678,4
94	14550308,8
95	14158587,2
96	14340536
97	14961254,4
98	15553123,2
99	15022555,2
100	14817600
101	14926289,6
102	14506808
103	14825425,6
104	14929886,4
105	14753107,2
106	14946025,6
107	14871859,2
108	14788209,6
109	14861220,8
110	14826886,4
111	14980313,6
112	14707000
113	14992489,6
114	14703171,2
115	14753440
116	14974526,4
117	14962326,4
118	15177411,2
119	14765907,2
120	14908894,4
121	15113414,4
122	14693224
123	14479560
124	14754976
125	15095171,2
126	14758176
127	14704796,8
128	14675433,6
129	15522459,2
130	14861948,8
131	14675000
132	14847144
133	14496326,4
134	14796926,4
135	14846308,8
136	14277694,4
137	14497862,4
138	14624633,6
139	15137587,2
140	15138723,2
141	14993068,8
142	14823220,8
143	14821156,8
144	14641366,4
145	14931411,2
146	15621134,4
147	15045076,8
148	14629715,2
149	14507059,2
150	14517838,4
151	15343340,8
152	14953331,2
153	15389331,2
154	15226345,6
155	14584420,8
156	15269032
157	15479867,2
158	15116291,2
159	14391483,2
160	15134800
161	14852150,4
162	14989864
163	14545400
164	14857822,4
165	15223604,8
166	14799316,8
167	15194704
168	14693896
169	14954342,4
170	14627392
171	14871372,8
172	14798468,8
173	14500256
174	14270793,6
175	14912902,4
176	14330811,2
177	14821334,4
178	14451227,2
179	14520884,8
180	14952910,4
181	14432147,2
182	14955529,6
183	14574494,4
184	14634907,2
185	14245014,4
186	14741235,2
187	15406292,8
188	14986355,2
189	14910611,2
190	15139696
191	14701824
192	14989835,2
193	14772588,8
194	13999760
195	13918080
196	14356025,6
197	14518374,4
198	14472323,2
199	14479206,4
200	14489726,4
201	14411544
202	14328886,4
203	13916000
204	14306110,4
205	14388864
206	13995086,4
207	14125878,4
208	14349969,6
209	14643856
210	14868785,6
211	14852856
212	14987017,6
213	14715235,2
214	14565880
215	14660251,2
216	15005768
217	15045264
218	14449976
219	14978756,8
220	14858859,2
221	15032795,2
222	15063128
223	14624547,2
224	14402838,4
225	14905470,4
226	14853948,8
227	15456686,4
228	14863254,4
229	14761168
230	14793072
231	14844617,6
232	15381624
233	14698139,2
234	15854536
235	15126155,2
236	15389928
237	15327987,2
238	15398390,4
239	14850064
240	14869529,6
241	14249724,8
242	14858537,6
243	15737720
244	14585950,4
245	14414968
246	14350112
247	15232264
248	14656476,8
249	15157998,4
250	15503420,8
251	14894606,4
252	14744968
253	14611396,8
254	14495558,4
255	14943416
256	14228985,6
257	15122947,2
258	14903812,8
259	14495168
260	14844692,8
261	15454475,2
262	14980502,4
263	14665299,2
264	14169083,2
265	15325432
266	15189524,8
267	15392836,8
268	14881625,6
269	15454625,6
270	14979835,2
271	14511360
272	15459044,8
273	15340700,8
274	14924593,6
275	14961454,4
276	14324798,4
277	14532392
278	14398923,2
279	14278318,4
280	15277790,4
281	14242428,8
282	14302915,2
283	14617027,2
284	14436123,2
285	14237416
286	13843731,2
287	14316257,6
288	14434571,2
289	14378432
290	15072403,2
291	14347848
292	14584196,8
293	14789617,6
294	14418747,2
295	14271240
296	14104764,8
297	14051521,6
298	14216934,4
299	15000905,6
300	14270457,6
301	14059409,6
302	13446555,2
303	14227723,2
304	14151691,2
305	14163139,2
306	14566561,6
307	14297033,6
308	14189200
309	13666696
310	14558756,8
311	14667460,8
312	14288684,8
313	13821115,2
314	14398600
315	14389990,4
316	14058228,8
317	13753067,2
318	14541995,2
319	13962606,4
320	14108280
321	14085502,4
322	13759721,6
323	14278726,4
324	13457020,8
325	13585198,4
326	13763419,2
327	13597406,4
328	13797739,2
329	13550900,8
330	14145595,2
331	13326064,8
332	13558067,2
333	13459150,4
334	13299984,8
335	13938984
336	13596281,6
337	13289783,2
338	14022299,2
339	13361068,8
340	13670704
341	13377431,2
342	13299608,8
343	13149844,8
344	13319156,8
345	13698256
346	13724798,4
347	13313612,8
348	14532092,8
349	14936315,2
350	14188907,2
351	14199976
352	14213486,4
353	13955689,6
354	14537816
355	14987260,8
356	14977870,4
357	15197768
358	14124574,4
359	14102731,2
360	13850257,6
361	13626134,4
362	14179958,4
363	14290619,2
364	13360304
365	14704484,8
366	13390868,8
367	14009900,8
368	13805985,6
369	13673288
370	13550440
371	14169990,4
372	13671761,6
373	14079854,4
374	14939828,8
375	14575304
376	14528078,4
377	13806830,4
378	13425974,4
379	14252542,4
380	13316532
381	12992428,8
382	14220846,4
383	13468129,6
384	14293528
385	13772366,4
386	13079019,2
387	13388764
388	13732094,4
389	13257751,2
390	14005883,2
391	14522305,6
392	13441184
393	13772654,4
394	13225716
395	13566926,4
396	14169825,6
397	13835769,6
398	13724729,6
399	14024713,6
400	13830748,8
401	14243835,2
402	13704350,4
403	13796332,8
404	13325852,8
405	14403779,2
406	15743344
407	14075801,6
408	14531928
409	14290937,6
410	14466200
411	13864851,2
412	14043560
413	14246420,8
414	13289268,8
415	14386142,4
416	15873131,2
417	13134598,4
418	13477312
419	13921251,2
420	12965660
421	13001832,8
422	13571488
423	13005220
424	13830104
425	13268958,4
426	13518587,2
427	14110888
428	13731406,4
429	14161468,8
430	13186040
431	12965724
432	12732675,2
433	13086302,4
434	13174919,2
435	13250414,4
436	13090748
437	12922212,8
438	13491766,4
439	13473035,2
440	12847206,4
441	12727600,8
442	13253870,4
443	13083292
444	12858878,4
445	13038702,4
446	12899679,2
447	13864104
448	12944599,2
449	13698952
450	13181246,4
451	13119628
452	13341228,8
453	13334975,2
454	13386012,8
455	13251948
456	13114844,8
457	14943312
458	12892712,8
459	12593566,4
460	12828963,2
461	14110987,2
462	12864575,2
463	13122868
464	12810939,2
465	12882412,8
466	13316624
467	12721503,2
468	13640358,4
469	12650994,4
470	12741855,2
471	13270443,2
472	12490612,8
473	13446214,4
474	13944372,8
475	12849856,8
476	12574824
477	12765212,8
478	12568292
479	12555155,2
480	12544584
481	12500696,8
482	12729270,4
483	12619736
484	13447902,4
485	12801504,8
486	12438939,2
487	12104196
488	12277852,8
489	12334183,2
490	12339680
491	12858119,2
492	12639948
493	13068128,8
494	12228766,4
495	12181876,8
496	12666276,8
497	12328148,8
498	12356771,2
499	12790707,2
500	13112920,8
501	12876583,2
502	12827324,8
503	12850296,8
504	12630050,4
505	12489915,2
506	13302766,4
507	12718928
508	12761499,2
509	12737275,2
510	12966668
511	12491770,4
512	12410628,8
513	10569868,8
514	10874295,2
515	10957480,8
516	10712232,8
517	10511752
518	10376939,2
519	10183240,8
520	9930421,12
521	9746663,04
522	9533036,16
523	9101420,8
524	8886357,12
525	8549342,08
526	8297143,04
527	8112565,12
528	7757105,28
529	7599790,08
530	7373770,88
531	7188357,12
532	6950922,24
533	6779806,08
534	6648584,32
535	6398037,12
536	6313255,04
537	6158496,64
538	6046679,04
539	5899973,12
540	5756342,4
541	5636390,4
542	5541934,08
543	5407920,64
544	5334681,6
545	5248957,12
546	5148147,52
547	5077360,64
548	4951166,08
549	4891418,88
550	4807472,64
551	4739824,64
552	4712585,6
553	4639015,04
554	4632624,96
555	4552184,96
556	4503434,56
557	4445392,64
558	4392958,4
559	4344378,88
560	4283722,88
561	4249560,64
562	4223831,04
563	4151310,08
564	4100618,24
565	4121898,56
566	4055568,64
567	4018569,92
568	3978260,16
569	3957457,28
570	3975836,8
571	3915361,28
572	3857993,6
573	3837620,48
574	3789534,72
575	3821472
576	3765503,04
577	3765959,04
578	3749161,6
579	3711158,72
580	3704128,64
581	3688835,84
582	3633287,36
583	3655606,4
584	3605453,44
585	3632964,8
586	3597371,52
587	3582849,6
588	3587555,84
589	3571454,72
590	3568152,32
591	3544932,16
592	3537620,48
593	3498783,68
594	3504762,88
595	3481902,08
596	3507322,56
597	3509027,2
598	3488015,36
599	3463769,92
600	3437450,24
601	3434481,92
602	3439414,4
603	3424120
604	3423901,12
605	3414987,52
606	3430955,52
607	3418154,24
608	3419682,56
609	3418802,56
610	3404482,24
611	3421635,2
612	3383749,44
613	3400641,28
614	3381034,56
615	3383394,56
616	3376803,52
617	3396110,4
618	3346982,08
619	3374748,48
620	3345230,72
621	3369439,36
622	3370095,68
623	3359838,08
624	3364160,96
625	3343775,04
626	3363097,28
627	3362872,32
628	3375522,56
629	3357108,8
630	3372021,44
631	3383816
632	3362079,36
633	3349878,72
634	3345244,16
635	3359369,28
636	3343048,96
637	3357317,76
638	3397040,64
639	3363792,32
640	3367890,88
641	3382774,08
642	3363907,52
643	3352071,68
644	3394140,16
645	3402197,12
646	3380274,24
647	3392448,32
648	3393363,84
649	3401340,8
650	3395152,32
651	3384673,28
652	3415972,8
653	3416435,84
654	3456571,52
655	3440601,6
656	3430703,68
657	3445483,2
658	3438879,04
659	3434488,96
660	3436242,24
661	3443677,12
662	3446982,72
663	3482633,28
664	3474281,6
665	3495615,04
666	3479248,64
667	3512162,24
668	3486954,56
669	3486621,76
670	3509224
671	3501359,36
672	3519616,64
673	3518514,56
674	3525668,16
675	3528641,28
676	3553222,08
677	3537646,4
678	3517667,52
679	3560693,12
680	3552363,2
681	3549755,52
682	3590432,32
683	3607498,24
684	3615735,68
685	3618955,52
686	3614785,28
687	3636812,48
688	3657527,68
689	3604795,2
690	3640171,52
691	3657825,92
692	3676976,32
693	3653120,96
694	3668700,8
695	3687373,12
696	3686528,32
697	3678512,32
698	3697319,04
699	3706579,52
700	3720180,8
701	3715502,4
702	3769117,76
703	3759057,28
704	3747972,16
705	3758308,8
706	3776590,08
707	3773157,12
708	3780080,32
709	3783463,04
710	3802784,64
711	3802099,52
712	3841597,12
713	3837598,72
714	3837512
715	3883048
716	3860715,84
717	3871050,56
718	3881775,36
719	3869515,84
720	3890560,96
721	3915734,4
722	3894101,76
723	3907143,04
724	3911827,84
725	3923591,04
726	3924979,2
727	3960669,76
728	3957795,2
729	3938230,4
730	3939610,56
731	3963345,28
732	3911831,36
733	3956964,8
734	3917479,68
735	3990226,24
736	4006920,32
737	3997579,52
738	3980385,28
739	4018727,36
740	4021286,08
741	4026992,32
742	4036653,44
743	4035222,08
744	4041490,24
745	4055153,92
746	4075210,56
747	4073481,92
748	4079174,4
749	4116262,08
750	4112780,8
751	4099719,68
752	4097278,4
753	4106739,52
754	4123593,28
755	4123068,48
756	4142029,44
757	4194849,92
758	4163065,28
759	4175224,64
760	4172230,08
761	4180425,92
762	4154598,08
763	4168974,4
764	4196477,44
765	4196594,56
766	4168385,6
767	4232611,52
768	4211638,4
769	4260045,12
770	4235824,64
771	4239298,56
772	4258340,48
773	4269097,6
774	4289282,88
775	4263256,96
776	4276620,16
777	4284608,64
778	4292120
779	4315480
780	4339456,64
781	4293981,12
782	4256247,04
783	4336431,36
784	4377015,04
785	4360967,36
786	4364472
787	4372384,96
788	4378376,96
789	4380080,96
790	4385564,48
791	4389198,08
792	4428685,44
793	4435725,44
794	4430455,04
795	4435098,56
796	4414929,6
797	4439665,6
798	4447658,56
799	4465340,48
800	4403108,48
801	4411902,4
802	4419670,4
803	4433475,52
804	4428343,36
805	4410826,88
806	4440209,6
807	4453623,04
808	4428290,88
809	4458158,4
810	4476129,6
811	4443801,92
812	4559062,08
813	4548942,08
814	4580275,52
815	4591362,56
816	4564853,44
817	4575538,88
818	4676808
819	4820333,44
820	4796918,4
821	4950018,56
822	5083989,44
823	5041677,12
824	5054617,92
825	5071465,6
826	5048644,16
827	4996181,44
828	5067929,6
829	5235503,04
830	5312075,52
831	5389922,56
832	5475719,68
833	5538929,92
834	5650451,84
835	5743609,6
836	5848170,88
837	5879972,48
838	5954034,56
839	6038615,04
840	6135749,76
841	6124285,44
842	6234764,16
843	6318109,44
844	6398398,72
845	6459495,04
846	6541351,68
847	6557580,8
848	6615669,12
849	6653191,04
850	6724642,56
851	6792505,6
852	6808443,52
853	6902289,92
854	6886375,04
855	6967714,56
856	7071756,8
857	7121137,28
858	7098337,28
859	7169960,96
860	7252805,12
861	7255745,92
862	7322608,64
863	7371948,8
864	7416030,08
865	7440398,72
866	7528334,08
867	7533252,48
868	7593572,48
869	7607906,56
870	7623514,24
871	7672476,16
872	7689315,84
873	7713625,6
874	7787058,56
875	7843380,48
876	7880718,08
877	7925619,84
878	7955415,04
879	8020723,2
880	8099663,36
881	8117991,04
882	8082046,08
883	8156822,4
884	8251132,16
885	8308079,36
886	8287374,08
887	8350188,16
888	8359128,96
889	8419100,8
890	8456755,84
891	8403264
892	8454775,04
893	8572785,92
894	8544771,2
895	8619390,08
896	8581189,12
897	8599045,12
898	8703968
899	8738291,2
900	8788318,72
901	8774835,84
902	8838184,32
903	8830659,2
904	8901831,04
905	8893820,16
906	8962618,24
907	8934869,76
908	8942209,28
909	9003811,84
910	8998243,84
911	9021057,28
912	9097861,76
913	9070030,72
914	9168330,24
915	9143098,24
916	9207242,24
917	9315320,32
918	9292227,84
919	9338645,76
920	9336993,28
921	9460794,88
922	9371889,28
923	9378266,24
924	9521633,92
925	9539669,76
926	9498401,92
927	9474369,28
928	9515799,04
929	9524737,28
930	9550773,12
931	9618316,16
932	9681950,08
933	9634652,8
934	9688572,16
935	9694188,16
936	9712293,12
937	9706000
938	9764712,96
939	9715566,72
940	9795941,12
941	9764193,92
942	9810542,72
943	9779834,24
944	9826275,2
945	9892309,12
946	9884835,84
947	9916776,96
948	9952197,76
949	9931299,2
950	9904051,2
951	9941351,04
952	9965329,28
953	9921363,2
954	10026068,8
955	10024246,4
956	10044754,4
957	10041207,2
958	10118782,4
959	10032576
960	10032926,4
961	10049463,2
962	10070400
963	10030592
964	10105019,2
965	10031620
966	10110155,2
967	10178688,8
968	10080979,2
969	10145568,8
970	10135859,2
971	10134420,8
972	10170460
973	10161360
974	10211947,2
975	10202960,8
976	10281774,4
977	10274118,4
978	10248308
979	10299146,4
980	10327675,2
981	10397983,2
982	10335588
983	10345246,4
984	10386736,8
985	10347244
986	10319467,2
987	10423556,8
988	10407471,2
989	10417012
990	10474456
991	10415079,2
992	10408880
993	10445040
994	10435187,2
995	10484452
996	10475656,8
997	10510110,4
998	10567391,2
999	10531104
1000	10501332
1001	10542028
1002	10516132,8
1003	10619103,2
1004	10554423,2
1005	10584759,2
1006	10612228
1007	10626132
1008	10596708,8
1009	10622771,2
1010	10716819,2
1011	10678423,2
1012	10691920
1013	10694079,2
1014	10744272
1015	10730647,2
1016	10787704
1017	10815496
1018	10782004
1019	10882328,8
1020	10835184
1021	10840740,8
1022	10766464,8
1023	10832723,2
1024	10844703,2
1025	10931300,8
1026	10849614,4
1027	10808276
1028	10822227,2
1029	10848839,2
1030	10828248
1031	10863624,8
1032	10899290,4
1033	10793843,2
1034	10888500,8
1035	10842952,8
1036	10900550,4
1037	10925079,2
1038	10897294,4
1039	10911015,2
1040	10904662,4
1041	10852184,8
1042	11015155,2
1043	10823900
1044	10924127,2
1045	10971603,2
1046	10961496,8
1047	10965150,4
1048	10982304
1049	10955304,8
1050	10971016,8
1051	11005919,2
1052	11085136
1053	11053158,4
1054	11048124,8
1055	11112846,4
1056	11086884
1057	11004803,2
1058	11054174,4
1059	11015275,2
1060	11076880,8
1061	11025098,4
1062	11066216
1063	11041207,2
1064	11081099,2
1065	11015888
1066	11149974,4
1067	11128792,8
1068	11064824,8
1069	11087332
1070	11098196
1071	11127268
1072	11119572
1073	11190599,2
1074	11149498,4
1075	11127242,4
1076	11262848
1077	11154084
1078	11184652,8
1079	11158988
1080	11161540
1081	11133508
1082	11281076
1083	11297291,2
1084	11256374,4
1085	11261531,2
1086	11235544,8
1087	11212104,8
1088	11256532
1089	11257052
1090	11244452,8
1091	11205567,2
1092	11215928,8
1093	11162312,8
1094	11180448
1095	11193220
1096	11268260
1097	11198952,8
1098	11143755,2
1099	11219656,8
1100	11224258,4
1101	11202178,4
1102	11193908
1103	11188514,4
1104	11196928,8
1105	11204415,2
1106	11261514,4
1107	11179599,2
1108	11284566,4
1109	11302988
1110	11228474,4
1111	11346868
1112	11290647,2
1113	11276042,4
1114	11317455,2
1115	11357882,4
1116	11351884,8
1117	11349852
1118	11346306,4
1119	11324507,2
1120	11370111,2
1121	11260016
1122	11361206,4
1123	11313064
1124	11378523,2
1125	11337335,2
1126	11309462,4
1127	11291720
1128	11349130,4
1129	11297252
1130	11325106,4
1131	11385916
1132	11385708
1133	11454795,2
1134	11363023,2
1135	11429551,2
1136	11388840,8
1137	11316098,4
1138	11312403,2
1139	11301986,4
1140	11369579,2
1141	11391723,2
1142	11312426,4
1143	11355808,8
1144	11398428,8
1145	11422506,4
1146	11401779,2
1147	11497408,8
1148	11396731,2
1149	11424900
1150	11409711,2
1151	11433814,4
1152	11327998,4
1153	11424010,4
1154	11429291,2
1155	11453347,2
1156	11376683,2
1157	11426576,8
1158	11432292,8
1159	11467294,4
1160	11479191,2
1161	11458072
1162	11416784,8
1163	11439726,4
1164	11423228
1165	11393963,2
1166	11405799,2
1167	11435282,4
1168	11480903,2
1169	11424460
1170	11417036
1171	11436095,2
1172	11409066,4
1173	11482686,4
1174	11448647,2
1175	11423568,8
1176	11464708
1177	11429156
1178	11440087,2
1179	11464543,2
1180	11487000,8
1181	11576762,4
1182	11486878,4
1183	11485136
1184	11483948,8
1185	11451987,2
1186	11475912,8
1187	11390584
1188	11444014,4
1189	11398183,2
1190	11435088
1191	11436235,2
1192	11433882,4
1193	11554490,4
1194	11443152,8
1195	11518360
1196	11430348
1197	11548952
1198	11441312,8
1199	11461826,4
1200	11463226,4
1201	11538996
1202	11496512,8
1203	11361564,8
1204	11541656,8
1205	11598544,8
1206	11566088,8
1207	11492166,4
1208	11558340
1209	11502715,2
1210	11503899,2
1211	11532878,4
1212	11553044
1213	11506272
1214	11646588
1215	11501847,2
1216	11565900
1217	11548132
1218	11497414,4
1219	11548636
1220	11547680,8
1221	11580378,4
1222	11570436,8
1223	11444624
1224	11397444,8
1225	11283670,4
1226	11125632,8
1227	11144646,4
1228	11079155,2
1229	11026051,2
1230	11062322,4
1231	10949522,4
1232	10933327,2
1233	10808466,4
1234	10826880,8
1235	10790616
1236	10775208,8
1237	10662135,2
1238	10618898,4
1239	10690503,2
1240	10565684
1241	10501214,4
1242	10493695,2
1243	10471836,8
1244	10464624,8
1245	10476539,2
1246	10454883,2
1247	10409635,2
1248	10418959,2
1249	10386312
1250	10416156,8
1251	10341220
1252	10328218,4
1253	10377374,4
1254	10337175,2
1255	10303700,8
1256	10286556,8
1257	10238240
1258	10239548,8
1259	10279183,2
1260	10323480,8
1261	10299451,2
1262	10282764
1263	10256058,4
1264	10181578,4
1265	10199516
1266	10198158,4
1267	10163476,8
1268	10147891,2
1269	10143028
1270	10164274,4
1271	10125071,2
1272	10099087,2
1273	10069475,2
1274	10081207,2
1275	10119459,2
1276	10089992,8
1277	10066607,2
1278	10071326,4
1279	10075718,4
1280	10093335,2
1281	10088890,4
1282	10021740,8
1283	10078058,4
1284	9991870,08
1285	10046460
1286	9988240
1287	10000652,8
1288	10049514,4
1289	10032307,2
1290	9984156,8
1291	9997832,32
1292	9940862,08
1293	9996563,2
1294	9973004,16
1295	9988816
1296	9979735,04
1297	10000883,2
1298	9925036,16
1299	9918117,12
1300	9965909,76
1301	9865070,08
1302	9960117,12
1303	9947669,12
1304	9893502,72
1305	9916085,12
1306	9896556,16
1307	9839656,32
1308	9865315,2
1309	9915265,92
1310	9933864,96
1311	9847125,12
1312	9868556,8
1313	9884538,24
1314	9861918,72
1315	9879968
1316	9855301,76
1317	9836933,76
1318	9854828,16
1319	9845896,32
1320	9811496,32
1321	9861210,24
1322	9855132,8
1323	9831194,88
1324	9819331,2
1325	9818865,28
1326	9831452,8
1327	9860691,2
1328	9820888,96
1329	9792947,2
1330	9791290,88
1331	9815091,2
1332	9872622,72
1333	9877571,84
1334	9878721,92
1335	9840199,04
1336	9808282,24
1337	9744339,84
1338	9776030,72
1339	9780462,72
1340	9797399,04
1341	9785061,76
1342	9802485,76
1343	9789603,2
1344	9793114,88
1345	9744821,12
1346	9762280,32
1347	9784021,76
1348	9798963,84
1349	9749077,76
1350	9781287,04
1351	9768888,32
1352	9846392,32
1353	9834389,76
1354	9748149,76
1355	9788465,92
1356	9778362,24
1357	9721020,16
1358	9813975,04
1359	9806325,76
1360	9767498,24
1361	9704389,76
1362	9732874,24
1363	9779258,24
1364	9740375,04
1365	9724097,92
1366	9737477,76
1367	9731130,24
1368	9706622,08
1369	9697448,96
1370	9722348,8
1371	9721893,76
1372	9648840,96
1373	9681361,92
1374	9737710,08
1375	9631358,72
1376	9682888,32
1377	9696243,2
1378	9652526,72
1379	9694650,24
1380	9695598,72
1381	9712940,16
1382	9682696,96
1383	9681498,24
1384	9648458,88
1385	9687425,92
1386	9692547,84
1387	9706472,32
1388	9648519,04
1389	9686380,16
1390	9692709,76
1391	9743201,28
1392	9704213,76
1393	9703427,2
1394	9691013,76
1395	9640936,32
1396	9677640,96
1397	9716846,08
1398	9657079,04
1399	9631646,72
1400	9662924,8
1401	9690008,32
1402	9655813,76
1403	9661832,96
1404	9660325,12
1405	9605959,04
1406	9624611,84
1407	9612332,16
1408	9708901,12
1409	9696044,8
1410	9593644,8
1411	9597338,24
1412	9618641,28
1413	9631047,04
1414	9658686,08
1415	9620140,8
1416	9599070,08
1417	9618072,32
1418	9599745,92
1419	9601121,92
1420	9595475,2
1421	9641132,8
1422	9513776
1423	9600776,96
1424	9591360
1425	9560698,24
1426	9568736
1427	9560321,28
1428	9577708,8
1429	9535813,76
1430	9551157,12
1431	9528819,84
1432	9564526,72
1433	9601265,92
1434	9541144,96
1435	9543100,16
1436	9577379,84
1437	9581550,72
1438	9502656
1439	9587482,24
1440	9539566,08
1441	9526668,16
1442	9523329,28
1443	9543745,92
1444	9545294,72
1445	9533763,84
1446	9535132,8
1447	9482942,08
1448	9540483,2
1449	9458126,72
1450	9496371,2
1451	9480307,84
1452	9416972,8
1453	9539038,72
1454	9572616,96
1455	9524716,16
1456	9499205,76
1457	9551649,92
1458	9455722,24
1459	9560771,84
1460	9512650,88
1461	9488414,72
1462	9533093,12
1463	9507733,12
1464	9545969,28
1465	9481633,92
1466	9524332,8
1467	9520001,92
1468	9491436,16
1469	9447299,84
1470	9498001,28
1471	9494520,96
1472	9468400
1473	9503441,28
1474	9525982,08
1475	9480737,92
1476	9469848,96
1477	9464414,72
1478	9441923,84
1479	9426229,76
1480	9476421,12
1481	9464711,04
1482	9366012,16
1483	9439749,76
1484	9380028,8
1485	9435973,76
1486	9424661,76
1487	9393134,72
1488	9470512
1489	9438851,84
1490	9416433,28
1491	9384515,84
1492	9387431,04
1493	9442837,76
1494	9393454,72
1495	9436298,88
1496	9372805,76
1497	9364794,88
1498	9414049,28
1499	9360336
1500	9378922,24
1501	9399528,96
1502	9338689,92
1503	9350652,8
1504	9413571,2
1505	9464227,84
1506	9445735,04
1507	9403216
1508	9348289,28
1509	9408277,12
1510	9399107,2
1511	9337370,24
1512	9371466,24
1513	9390101,76
1514	9439688,96
1515	9329265,92
1516	9350641,28
1517	9330960
1518	9405388,16
1519	9358444,16
1520	9352915,84
1521	9364391,04
1522	9334458,24
1523	9367226,88
1524	9348872,96
1525	9305905,92
1526	9309054,72
1527	9308549,12
1528	9327573,12
1529	9262430,72
1530	9352344,32
1531	9343596,16
1532	9393272,32
1533	9304451,2
1534	9329804,16
1535	9289651,2
1536	9338798,72
1537	9344149,76
1538	9377859,84
1539	9343591,04
1540	9327416,32
1541	9351288,96
1542	9328696,32
1543	9279777,92
1544	9319402,88
1545	9285653,12
1546	9329367,04
1547	9346289,28
1548	9319121,92
1549	9306147,2
1550	9305024
1551	9288848
1552	9268467,2
1553	9316346,88
1554	9266330,88
1555	9333365,12
1556	9293313,28
1557	9250773,12
1558	9252552,32
1559	9299845,76
1560	9269701,76
1561	9311870,72
1562	9325416,96
1563	9289443,2
1564	9255564,8
1565	9288190,72
1566	9295340,8
1567	9298849,28
1568	9286062,08
1569	9250848
1570	9290458,24
1571	9252487,04
1572	9326010,24
1573	9271031,04
1574	9333484,16
1575	9264433,92
1576	9253859,2
1577	9218232,32
1578	9291137,92
1579	9238531,2
1580	9244216,96
1581	9270675,2
1582	9267777,28
1583	9256024,96
1584	9218019,84
1585	9264291,84
1586	9252179,2
1587	9228855,04
1588	9232684,16
1589	9256551,04
1590	9222366,08
1591	9245715,84
1592	9238504,96
1593	9248595,84
1594	9251683,84
1595	3283128,64
1596	2204096,48
1597	1989849,12
1598	2564719,2
1599	2080298,56
1600	1796041,76
1601	1630685,76
1602	1580185,44
1603	1608452,64
1604	1558288,16
1605	1477194,72
1606	1535030,4
1607	1344228,32
1608	1301260,88
1609	1267117,12
1610	1261874,16
1611	1504780,48
1612	1214785,04
1613	1226973,04
1614	1134143,36
1615	1153124,64
1616	1091816,48
1617	1124025,28
1618	1321701,84
1619	1162684
1620	1159153,04
1621	1171034
1622	1095477,52
1623	1095793,76
1624	1087883,6
1625	1087581,6
1626	1161363,52
1627	1067399,12
1628	1097969,12
1629	1090195,36
1630	1102652,48
1631	1107397,52
1632	1069339,36
1633	1089416,16
1634	1054729,04
1635	1016290,72
1636	1045660,64
1637	1128768,88
1638	1292508,88
1639	1449764,48
1640	1584201,6
1641	1039500,64
1642	958082,752
1643	947326,656
1644	933102,848
1645	904960,064
1646	892745,088
1647	878905,856
1648	875633,088
1649	863095,168
1650	867229,824
1651	844867,136
1652	841910,976
1653	834160,448
1654	829913,728
1655	822867,136
1656	827962,432
1657	818240,768
1658	816844,672
1659	810036,096
1660	805870,016
1661	800151,488
1662	794921,344
1663	797153,088
1664	790003,2
1665	789397,376
1666	787248,576
1667	795005,056
1668	796244,608
1669	788239,68
1670	784729,088
1671	786157,632
1672	786570,624
1673	786995,712
1674	789902,464
1675	793264,64
1676	779008,064
1677	785341,312
1678	772618,304
1679	773760,064
1680	773021,376
1681	776638,144
1682	772175,68
1683	769728,768
1684	777152,384
1685	773190,528
1686	771878,528
1687	766241,472
1688	782703,104
1689	776388,288
1690	775213,44
1691	776200,32
1692	769487,488
1693	769934,72
1694	770641,792
1695	766277,568
1696	765788,48
1697	772165,44
1698	771729,536
1699	771212,864
1700	772734,656
1701	772353,408
1702	772767,168
1703	773225,6
1704	774176,448
1705	776572,48
1706	777202,56
1707	777571,136
1708	789689,856
1709	786122,24
1710	781300,608
1711	782432,768
1712	784085,76
1713	785910,4
1714	786612,544
1715	790425,984
1716	789960,448
1717	791440,832
1718	796827,52
1719	794486,336
1720	794289,28
1721	796887,808
1722	797657,472
1723	800243,904
1724	803050,752
1725	805182,272
1726	804413,568
1727	807236,16
1728	810159,936
1729	811422,272
1730	810563,328
1731	812972,48
1732	818365,952
1733	816553,536
1734	824551,744
1735	828070,336
1736	825446,016
1737	830028,16
1738	830027,776
1739	831449,152
1740	834762,112
1741	833466,368
1742	836016,64
1743	834871,296
1744	839344,768
1745	842232,768
1746	844310,976
1747	846041,664
1748	849664
1749	850108,352
1750	851735,104
1751	855856,896
1752	858088,704
1753	863155,328
1754	864881,216
1755	868678,72
1756	868788,48
1757	872661,696
1758	873328,128
1759	876224,512
1760	877940,16
1761	879789,952
1762	888009,28
1763	884930,496
1764	887601,088
1765	891896,64
1766	895762,688
1767	898099,52
1768	908183,552
1769	906881,088
1770	904089,536
1771	919038,528
1772	915774,976
1773	921227,392
1774	924535,68
1775	917733,632
1776	928839,488
1777	932989,568
1778	930584,384
1779	939381,76
1780	935681,536
1781	934666,112
1782	938110,784
1783	950093,312
1784	955485,056
1785	950103,04
1786	953304
1787	966218,368
1788	955920,768
1789	969190,528
1790	976123,2
1791	979739,712
1792	980312,384
1793	993089,152
1794	989076,928
1795	996509,888
1796	997824,064
1797	1001331,04
1798	1008477,6
1799	1001316,48
1800	1021002,24
1801	1035194,24
1802	1039634,08
1803	1027728,96
1804	1032554,64
1805	1030721,12
1806	1035105,68
1807	1036775,84
1808	1048388,16
1809	1052404,48
1810	1055752,64
1811	1050719,04
1812	1054335,76
1813	1054781,12
1814	1068441,76
1815	1068398,4
1816	1074577,6
1817	1086506,24
1818	1085463,6
1819	1092298,4
1820	1110657,76
1821	1100666,16
1822	1103238,4
1823	1101296,72
1824	1109596,24
1825	1106541,52
1826	1117032,24
1827	1124268,4
1828	1131968,72
1829	1133572,16
1830	1135718,48
1831	1140799,76
1832	1143080,48
1833	1151656
1834	1155862,16
1835	1158936,4
1836	1162595,12
1837	1171815,12
1838	1171653,6
1839	1189021,36
1840	1188281,04
1841	1185367,36
1842	1199449,04
1843	1194530,64
1844	1040299,2
1845	1357578,72
1846	1062863,6
1847	1097212,72
1848	1064422
1849	1047589,12
1850	1055601,76
1851	1090739,12
1852	1077830,16
1853	1114097,28
1854	1094934,88
1855	1103334,72
1856	1117020,16
1857	1119291,52
1858	1117051,12
1859	1117427,28
1860	1116319,84
1861	1127480,4
1862	1120646,4
1863	1124644,24
1864	1133973,84
1865	1140671,76
1866	1119763,36
1867	1144715,04
1868	1131886,16
1869	1130332,72
1870	1155092
1871	1119530
1872	1154732,48
1873	1132377,28
1874	1154956,64
1875	1219361,04
1876	1221903,04
1877	1251579,84
1878	1226636
1879	1212344,64
1880	1156817,12
1881	1145699,6
1882	1158730,24
1883	1285879,76
1884	1249385,36
1885	1234156,64
1886	1244262,4
1887	1228302,4
1888	1261927,04
1889	1241958
1890	1248569,76
1891	1388768,64
1892	1389309,76
1893	1346818,72
1894	1429129,92
1895	1108781,36
1896	1118849,52
1897	1127727,76
1898	1169013,6
1899	1226149,28
1900	1207232,16
1901	1288302,24
1902	1244987,52
1903	1266100,24
1904	1386263,2
1905	1348766,72
1906	1378072,64
1907	1423775,04
1908	1422653,76
1909	1434773,12
1910	1442356
1911	1459490,88
1912	1511416,8
1913	1510005,6
1914	1528511,04
1915	1555184,32
1916	1524336
1917	1591636,32
1918	1588320,64
1919	1595495,52
1920	1641015,68
1921	1649193,76
1922	1637303,2
1923	1669593,28
1924	1685283,84
1925	1710495,84
1926	1729973,6
1927	1757905,92
1928	1798157,76
1929	1807317,6
1930	1802251,04
1931	1815977,6
1932	1871114,4
1933	2002740,16
1934	1908775,52
1935	1917847,52
1936	1904769,44
1937	1939575,36
1938	1944856,32
1939	1958253,6
1940	2004745,76
1941	2011949,92
1942	2044700,16
1943	2050064,48
1944	2078109,44
1945	2092550,24
1946	2102387,04
1947	2164776,8
1948	2178172,8
1949	2169667,04
1950	2182078,24
1951	2217507,04
1952	2223700,96
1953	2262638,08
1954	2272225,28
1955	2322101,76
1956	2301527,52
1957	2346136,8
1958	2320974,72
1959	2398009,28
1960	2379046,24
1961	2387774,72
1962	2431418,56
1963	2453125,44
1964	2482503,68
1965	2498780,32
1966	2515511,68
1967	2517557,44
1968	2569872,48
1969	2583298,08
1970	2604205,76
1971	2626850,24
1972	2619700
1973	2653301,28
1974	2653070,24
1975	2690014,08
1976	2728666,56
1977	2721719,04
1978	2755764,48
1979	2782879,68
1980	2797492,16
1981	2818505,92
1982	2856041,92
1983	2861578,24
1984	2863002,24
1985	2907089,6
1986	2895578,88
1987	2917631,04
1988	2963484,48
1989	2957782,08
1990	3022336
1991	3007025,28
1992	3023473,92
1993	3034457,92
1994	3048693,12
1995	3069202,88
1996	3088591,68
1997	3100582,4
1998	3143129,6
1999	3143348,16
2000	3159667,2
2001	3188887,04
2002	3211389,76
2003	3235644,16
2004	3233643,52
2005	3265248
2006	3315316,48
2007	3373680,96
2008	3337570,24
2009	3368883,52
2010	3366823,36
2011	3407904,32
2012	3402360,32
2013	3418480
2014	3424768,64
2015	3458524,8
2016	3503282,88
2017	3508260,8
2018	3529060,48
2019	3528390,08
2020	3567974,72
2021	3580089,28
2022	3610605,12
2023	3602041,6
2024	3655371,52
2025	3661941,12
2026	3726708,16
2027	3734594,88
2028	3769371,52
2029	3857819,2
2030	3841821,44
2031	3855235,52
2032	3832347,52
2033	3866298,24
2034	3926863,04
2035	3891729,28
2036	3925996,48
2037	3980489,92
2038	3970848,32
2039	3988528,32
2040	4041475,84
2041	4012512,32
2042	4012473,28
2043	4093063,36
2044	4095586,24
2045	4127268,16
2046	4090305,28
2047	4109106,56
2048	4140802,56
2049	4124753,28
2050	4168713,92
2051	4201505,6
2052	4214080,96
2053	4222547,52
2054	4229246,4
2055	4268617,92
2056	4263691,52
2057	4270025,92
2058	4318447,04
2059	4350910,08
2060	4399365,12
2061	4382532,48
2062	4416458,56
2063	4409754,88
2064	4420177,92
2065	4525077,12
2066	4531085,12
2067	4543223,36
2068	4583928,96
2069	4578788,16
2070	4694152,96
2071	4703346,88
2072	4749248,96
2073	4685945,92
2074	4650864,96
2075	4668063,04
2076	4717095,36
2077	4705566,08
2078	4775068,48
2079	4785173,44
2080	4804788,48
2081	4844193,6
2082	4840793,92
2083	4843204,16
2084	4926816,64
2085	4944400,96
2086	4985948,48
2087	5190837,12
2088	5022082,88
2089	4992301,12
2090	5023391,04
2091	5098843,52
2092	5080959,04
2093	5062584
2094	5039625,6
2095	5097540,16
2096	5138249,92
2097	5142319,36
2098	5120660,16
2099	5174802,88
2100	5161486,4
2101	5129882,56
2102	5165779,52
2103	5203097,6
2104	5162745,92
2105	5175740,16
2106	5238522,56
2107	5294612,48
2108	5270257,92
2109	5345365,12
2110	5300264,96
2111	5305439,36
2112	5116477,44
2113	5353217,6
2114	5425846,4
2115	5406920,32
2116	5485806,72
2117	5483953,92
2118	5520046,72
2119	5509865,6
2120	5584823,04
2121	5575442,56
2122	5557957,12
2123	5585155,2
2124	5579644,16
2125	5596941,44
2126	5677152
2127	5689310,72
2128	5678444,16
2129	5677145,6
2130	5694709,12
2131	5732217,6
2132	5739371,52
2133	5735881,6
2134	5717169,92
2135	5773912,32
2136	5803274,24
2137	5863448,32
2138	5876512
2139	5905870,08
2140	5884672,64
2141	5912056,96
2142	5925607,04
2143	5920717,44
2144	5950009,6
2145	5984535,68
2146	5987920,64
2147	5966080,64
2148	5978057,6
2149	5990462,72
2150	6024997,12
2151	6026753,28
2152	6021440,64
2153	6064568,96
2154	6106652,16
2155	6146692,48
2156	6180189,44
2157	6186448
2158	6211648,64
2159	6214228,48
2160	6268021,12
2161	6288336
2162	6258408,96
2163	6282217,6
2164	6317141,12
2165	6286112,64
2166	6324188,16
2167	6366741,12
2168	6378253,44
2169	6394773,76
2170	6423449,6
2171	6446515,2
2172	6452929,92
2173	6452950,4
2174	6453706,24
2175	6450945,92
2176	6475164,16
2177	6517742,08
2178	6527597,44
2179	6486159,36
2180	6508461,44
2181	6571522,56
2182	6629614,72
2183	6598755,84
2184	6643449,6
2185	6639274,24
2186	6652257,92
2187	6669703,04
2188	6668757,12
2189	6694253,44
2190	6676997,12
2191	6668775,68
2192	6734478,08
2193	6755966,72
2194	6801641,6
2195	6752829,44
2196	6726609,92
2197	6800376,32
2198	6788441,6
2199	6800841,6
2200	6780389,12
2201	6825002,88
2202	6809539,2
2203	6836766,08
2204	6875464,96
2205	6874829,44
2206	6877086,72
2207	6852942,72
2208	6913535,36
2209	6878791,68
2210	6918684,16
2211	6894791,68
2212	6953106,56
2213	6897445,12
2214	6923865,6
2215	6956165,76
2216	6964498,56
2217	6978604,16
2218	7023365,76
2219	7001617,28
2220	6977296,64
2221	7002184,96
2222	7044035,2
2223	7083616,64
2224	7111706,24
2225	7118908,16
2226	7117985,92
2227	7153301,76
2228	7146366,72
2229	7150752,64
2230	7101470,08
2231	7179445,12
2232	7212110,72
2233	7188783,36
2234	7171923,84
2235	7216984,32
2236	7264437,12
2237	7269778,56
2238	7248158,08
2239	7268383,36
2240	7324219,52
2241	7347735,04
2242	7376696,96
2243	7379441,92
2244	7406725,12
2245	7376551,04
2246	7406694,4
2247	7436898,56
2248	7449895,68
2249	7419972,48
2250	7410961,92
2251	7425271,04
2252	7459824,64
2253	7467884,8
2254	7485422,08
2255	7467031,04
2256	7602380,8
2257	7548917,12
2258	7575670,4
2259	7579582,08
2260	7580608,64
2261	7570535,04
2262	7572133,76
2263	7635911,68
2264	7641142,4
2265	7674331,52
2266	7631244,16
2267	7658647,04
2268	7676532,48
2269	7657020,8
2270	7672195,84
2271	7669859,2
2272	7652830,08
2273	7648242,56
2274	7666622,08
2275	7707164,16
2276	7712576
2277	7697591,04
2278	7708764,16
2279	7794039,04
2280	7856552,32
2281	7813573,12
2282	7800867,2
2283	7817198,08
2284	7838462,08
2285	7836711,04
2286	7802021,12
2287	7854590,72
2288	7809616,64
2289	7910584,32
2290	7799239,04
2291	7873555,2
2292	7863637,12
2293	7859091,84
2294	7887431,04
2295	7868254,08
2296	7908387,2
2297	7870798,08
2298	7907916,16
2299	7922720
2300	7922019,84
2301	7928120,96
2302	7959364,48
2303	7895127,04
2304	8016433,28
2305	7978292,48
2306	8001624,96
2307	7964922,88
2308	8023232,64
2309	8030248,32
2310	8063072,64
2311	8039904,64
2312	8088710,4
2313	8078750,08
2314	8084412,8
2315	8086000,64
2316	8145997,44
2317	8089164,16
2318	8141475,2
2319	8119055,36
2320	8160210,56
2321	8150844,8
2322	8177336,32
2323	8219305,6
2324	8192732,16
2325	8219512,96
2326	8265330,56
2327	8253957,76
2328	8328232,96
2329	8285551,36
2330	8339113,6
2331	8297800,32
2332	8384071,04
2333	8293795,2
2334	8261253,12
2335	8371339,52
2336	8339480,32
2337	8350512,64
2338	8313616,64
2339	8359200,64
2340	8432684,8
2341	8312244,48
2342	8358723,2
2343	8369349,12
2344	8407761,28
2345	8363975,04
2346	8384846,08
2347	8431400,96
2348	8401676,8
2349	8433543,04
2350	8470097,28
2351	8486035,84
2352	8533288,32
2353	8539930,88
2354	8534184,96
2355	8560851,84
2356	8522291,84
2357	8542691,84
2358	8506556,16
2359	8545420,16
2360	8542744,96
2361	8549031,04
2362	8563964,16
2363	8576700,16
2364	8568485,12
2365	8575393,92
2366	8636385,92
2367	8639038,72
2368	8645310,08
2369	8666744,32
2370	8663043,2
2371	8670000
2372	8699075,2
2373	8709843,2
2374	8700298,24
2375	8689073,92
2376	8709384,32
2377	8729495,04
2378	8716684,8
2379	8766533,12
2380	8759738,88
2381	8815676,8
2382	8825205,12
2383	8782736
2384	8799064,96
2385	8786154,24
2386	8799729,92
2387	8866755,84
2388	8836634,24
2389	8848176
2390	8843096,32
2391	8881285,12
2392	8920707,2
2393	8902812,16
2394	8867237,76
2395	8875969,28
2396	8863438,08
2397	8923930,88
2398	8862840,96
2399	8922236,16
2400	8884035,2
2401	8903388,8
2402	9003377,92
2403	8971553,92
2404	8911955,2
2405	8955733,12
2406	8957966,72
2407	8981564,8
2408	8934643,84
2409	8983710,08
2410	9000209,28
2411	8960656
2412	9016618,88
2413	9041779,84
2414	9079450,88
2415	9019331,84
2416	9029160,96
2417	9031416,32
2418	9062314,24
2419	9067413,12
2420	9023512,96
2421	9021452,8
2422	9072487,04
2423	9049464,96
2424	9109861,76
2425	9078462,72
2426	9113397,12
2427	9120512
2428	9147884,8
2429	9219191,04
2430	9155676,16
2431	9164424,32
2432	9199084,8
2433	9154778,24
2434	9149011,84
2435	9208647,04
2436	9110512
2437	9170380,16
2438	9145660,16
2439	9256012,16
2440	9266981,76
2441	9299400,96
2442	9269184
2443	9262565,12
2444	9302064
2445	9321416,32
2446	9373390,08
2447	9328583,04
2448	9307175,04
2449	9357493,76
2450	9325733,76
2451	9388108,16
2452	9340264,32
2453	9328520,32
2454	9349980,8
2455	9381294,08
2456	9417827,84
2457	9387079,04
2458	9414627,84
2459	9716213,12
2460	9467685,12
2461	9514179,84
2462	9437909,12
2463	9456769,92
2464	9441198,72
2465	9486190,72
2466	9461813,76
2467	9524750,08
2468	9465557,76
2469	9439390,08
2470	9468307,84
2471	9528956,8
2472	9502952,96
2473	9497308,16
2474	9457025,92
2475	9496467,2
2476	9472396,8
2477	9563050,88
2478	9538888,32
2479	9494323,2
2480	9566712,32
2481	9502408,32
2482	9492691,2
2483	9551822,08
2484	9498373,76
2485	9542976
2486	9576798,72
2487	9534165,12
2488	9540062,08
2489	9523676,8
2490	9562874,88
2491	9554282,24
2492	9542304
2493	9598963,84
2494	9573235,84
2495	9569582,08
2496	9552481,92
2497	9634334,08
2498	9533363,84
2499	9544988,8
2500	9588021,76
2501	9580195,2
2502	9595411,2
2503	9637134,08
2504	9591052,8
2505	9609043,2
2506	9616579,2
2507	9621649,92
2508	9632161,92
2509	9603912,32
2510	9656497,28
2511	9633553,28
2512	9677792
2513	9648449,28
2514	9645955,84
2515	9640814,72
2516	9629925,12
2517	9657802,24
2518	9717877,12
2519	9662942,72
2520	9766743,04
2521	9736510,72
2522	9696492,16
2523	9746702,72
2524	9669137,92
2525	9774915,2
2526	9747936
2527	9780030,72
2528	9763569,92
2529	9791034,24
2530	9785432,96
2531	9760218,88
2532	9812970,88
2533	9799022,08
2534	9842990,08
2535	9808682,88
2536	9839514,24
2537	9770464
2538	9810968,96
2539	9840469,76
2540	9835061,76
2541	9856702,08
2542	9802033,92
2543	9819562,88
2544	9807052,8
2545	9800835,84
2546	9868163,2
2547	9804819,84
2548	9852828,16
2549	9861466,24
2550	9836200,32
2551	9850773,12
2552	9891944,96
2553	9867630,72
2554	9845719,04
2555	9899818,88
2556	9918060,16
2557	9904387,84
2558	9903418,88
2559	9896168,32
2560	9910807,04
2561	9848780,16
2562	9909013,12
2563	9940017,28
2564	9905379,2
2565	9898184,96
2566	9966894,08
2567	9902225,28
2568	9884211,2
2569	9960058,88
2570	9932696,96
2571	9934197,76
2572	9975432,32
2573	9908769,28
2574	9964167,04
2575	9940595,2
2576	9958560
2577	9937756,16
2578	9997034,88
2579	10009568
2580	10021379,2
2581	10049056,8
2582	10002270,4
2583	10062084
2584	10049524
2585	10052176
2586	10089064
2587	10014964
2588	10011452,8
2589	10033508
2590	10045355,2
2591	10021591,2
2592	10025276
2593	10101780,8
2594	10047643,2
2595	10061627,2
2596	10095300,8
2597	10011414,4
2598	10105348
2599	10089644,8
2600	10095422,4
2601	10109536
2602	10168528
2603	10101704,8
2604	10104563,2
2605	10213828
2606	10171770,4
2607	10120991,2
2608	10132572,8
2609	10125408,8
2610	10118628,8
2611	10102836,8
2612	10139651,2
2613	10125135,2
2614	10067140
2615	10148259,2
2616	10127143,2
2617	10050404,8
2618	9991424
2619	9941921,92
2620	9803744
2621	9707032,32
2622	9694556,8
2623	9658467,2
2624	9613889,28
2625	9565658,88
2626	9496485,12
2627	9456785,28
2628	9431262,72
2629	9398277,76
2630	9347226,24
2631	9271221,76
2632	9248284,8
2633	9257701,12
2634	9199018,88
2635	9187836,8
2636	9166309,76
2637	9105793,92
2638	9118042,88
2639	9074288
2640	9049287,04
2641	9058936,32
2642	8992785,92
2643	8962209,28
2644	8943752,32
2645	8947941,12
2646	8947470,72
2647	8981176,32
2648	8926485,76
2649	8938968,96
2650	8927210,88
2651	8862899,2
2652	8834437,76
2653	8787288,32
2654	8796689,28
2655	8782583,04
2656	8811175,04
2657	8776216,96
2658	8694768
2659	8756206,72
2660	8748819,84
2661	8765304,32
2662	8760625,92
2663	8747760
2664	8722490,24
2665	8714624
2666	8787813,12
2667	8777164,16
2668	8747982,72
2669	8776256
2670	8780593,28
2671	8890504,32
2672	8853424
2673	8764197,76
2674	8833541,12
2675	8932213,76
2676	9117256,96
2677	8809424
2678	9020565,76
2679	8680805,76
2680	8669233,28
2681	8650592
2682	8624412,8
2683	8646542,08
2684	8650300,8
2685	8661608,32
2686	8599235,2
2687	8674922,24
2688	8634620,8
2689	8525886,08
2690	8571534,08
2691	8588561,92
2692	8569946,24
2693	8557306,88
2694	8557740,8
2695	8529137,28
2696	8568417,28
2697	8579376
2698	8579582,72
2699	8608757,12
2700	8578883,84
2701	8614624
2702	8615754,24
2703	8664604,16
2704	8610506,24
2705	8610533,12
2706	8554490,88
2707	8537715,84
2708	8551632
2709	8554744,96
2710	8585761,92
2711	8544241,92
2712	8539607,04
2713	8564440,32
2714	8677104
2715	8508526,08
2716	8574440,96
2717	8481448,32
2718	8494168,32
2719	8535228,16
2720	8521832,32
2721	8460250,88
2722	8523569,92
2723	8562931,2
2724	8517443,2
2725	8539507,84
2726	8592451,84
2727	8469047,04
2728	8553100,16
2729	8392737,28
2730	8452497,92
2731	8441973,12
2732	8444106,88
2733	8423155,84
2734	8478435,2
2735	8463112,96
2736	8463411,2
2737	8434311,04
2738	8411498,88
2739	8372517,76
2740	8463920
2741	8361074,56
2742	8425288,96
2743	8394218,88
2744	8343130,24
2745	8455596,8
2746	8440853,76
2747	8426586,24
2748	8367696,64
2749	8365010,56
2750	8405888
2751	8408448
2752	8342016,64
2753	8460691,84
2754	8387961,6
2755	8527363,84
2756	8488924,16
2757	8460195,84
2758	8360515,2
2759	8257660,16
2760	8358572,8
2761	8280314,88
2762	8333012,48
2763	8348516,48
2764	8343361,28
2765	8297776,64
2766	8289522,56
2767	8355877,12
2768	8348609,92
2769	8336204,8
2770	8343056
2771	8279088
2772	8294558,08
2773	8249273,6
2774	8305054,08
2775	8296366,72
2776	8374935,04
2777	8363130,88
2778	8335413,12
2779	8335232,64
2780	8324052,48
2781	8337980,16
2782	8337650,56
2783	8285152,64
2784	8301384,96
2785	8288709,76
2786	8345810,56
2787	8310798,72
2788	8314826,24
2789	8250544
2790	3648369,6
2791	2251487,2
2792	1986743,2
2793	1975860,16
2794	1949297,76
2795	1731735,68
2796	1751956,16
2797	1700046,4
2798	1642427,04
2799	1619695,52
2800	1267545,28
2801	1611099,04
2802	1455863,36
2803	1325128,16
2804	1393846,4
2805	1464715,84
2806	1288987,76
2807	1580676,48
2808	1479811,36
2809	1223370,72
2810	1315660,64
2811	1331785,52
2812	1065077,36
2813	1181257,04
2814	1174455,28
2815	1339320,64
2816	1560108,64
2817	1616844,8
2818	1227415,04
2819	1482336,96
2820	1396347,52
2821	1071685,6
2822	1149012,4
2823	1099364,88
2824	1365877,28
2825	1477511,68
2826	1722892,8
2827	1823916,16
2828	1537944,96
2829	1593132
2830	1478790,4
2831	1426774,24
2832	1424812,64
2833	1543683,52
2834	1510960,16
2835	1645386,4
2836	1503434,24
2837	1254229,04
2838	510347,456
2839	485314,336
2840	485279,136
2841	477024,64
2842	474695,744
2843	472486,144
2844	470794,24
2845	468795,392
2846	466937,696
2847	465901,44
2848	473040,512
2849	474610,816
2850	474364,192
2851	463552,736
2852	460562,176
2853	467612,48
2854	477786,944
2855	477591,552
2856	472104,512
2857	470571,072
2858	474621,408
2859	474384,64
2860	471577,728
2861	469238,656
2862	474006,656
2863	471308
2864	475796,768
2865	468037,728
2866	472129,6
2867	473277,088
2868	479958,912
2869	475504,896
2870	475962,176
2871	472015,584
2872	474642,976
2873	494752,064
2874	482529,664
2875	480435,52
2876	485854,752
2877	489414,88
2878	503264,512
2879	489928,064
2880	494305,984
2881	494890,336
2882	485628,16
2883	476311,776
2884	492408,224
2885	480523,04
2886	489431,424
2887	480982,592
2888	482888,544
2889	480608,224
2890	480623,136
2891	485602,368
2892	479336,896
2893	493026,752
2894	485872,16
2895	487827,392
2896	486795,168
2897	485908,928
2898	487143,04
2899	504964
2900	499130,336
2901	483751,488
2902	515310,56
2903	491772,064
2904	495152,832
2905	495163,52
2906	497489,472
2907	496086,208
2908	495775,104
2909	503509,76
2910	509908,032
2911	502745,76
2912	491789,888
2913	521587,456
2914	502647,744
2915	510806,528
2916	514215,872
2917	505476,928
2918	516207,104
2919	516882,336
2920	516027,488
2921	525936,992
2922	538329,472
2923	523274,528
2924	523572,192
2925	524627,488
2926	514422,784
2927	512855,68
2928	509975,424
2929	512146,176
2930	521580,736
2931	518036,448
2932	521536,928
2933	525260,992
2934	525221,056
2935	526526,944
2936	534742,944
2937	530347,488
2938	528074,112
2939	523269,248
2940	530797,056
2941	527198,432
2942	535246,688
2943	526558,016
2944	535269,568
2945	533689,056
2946	528571,744
2947	547015,168
2948	527764,512
2949	554234,816
2950	568644,352
2951	527784,928
2952	522911,36
2953	522103,872
2954	539100,544
2955	538781,12
2956	541818,368
2957	533656,864
2958	525938,176
2959	559209,472
2960	556513,28
2961	539030,336
2962	544469,568
2963	548391,552
2964	593503,36
2965	597961,792
2966	596692,672
2967	569673,152
2968	560406,848
2969	549445,76
2970	570801,6
2971	565254,976
2972	560502,528
2973	549106,496
2974	534656
2975	553723,648
2976	548128,448
2977	540775,552
2978	543971,456
2979	575134,848
2980	578418,688
2981	559317,184
2982	572921,792
2983	567501,44
2984	563574,656
2985	593250,944
2986	593862,208
2987	620243,136
2988	591513,664
2989	543531,008
2990	545788,096
2991	537842,304
2992	544949,76
2993	553671,808
2994	542197,12
2995	556286,208
2996	547987,904
2997	554913,728
2998	554373,184
2999	553297,984
3000	568751,616
3001	565313,6
3002	556923,392
3003	580678,336
3004	609568,64
3005	568164,608
3006	604963,136
3007	639393,024
3008	589419,072
3009	575181,056
3010	574290,944
3011	578369,344
3012	558722,432
3013	570079,68
3014	569066,496
3015	565883,136
3016	568708,544
3017	576440,064
3018	573848,192
3019	579882,88
3020	572070,144
3021	584673,92
3022	586525,568
3023	594922,944
3024	604029,504
3025	593172,032
3026	599298,432
3027	599580,864
3028	599719,488
3029	606432,192
3030	634273,344
3031	640472,064
3032	631410,56
3033	619415,04
3034	619907,2
3035	624893,824
3036	622389,888
3037	617242,304
3038	605305,28
3039	605647,104
3040	597564,992
3041	602283,776
3042	597679,424
3043	598665,984
3044	607798,848
3045	599678,848
3046	624041,472
3047	633059,008
3048	611256
3049	610364,992
3050	629535,168
3051	628744,512
3052	625258,432
3053	627425,92
3054	640857,408
3055	643233,984
3056	637854,272
3057	653734,976
3058	662282,624
3059	684064,448
3060	681924,992
3061	700717,824
3062	677900,352
3063	661673,152
3064	663173,632
3065	618946,048
3066	762066,496
3067	663011,392
3068	657080,32
3069	648058,944
3070	640924,096
3071	659739,968
3072	639169,984
3073	651409,472
3074	638075,584
3075	643748,8
3076	650829,504
3077	655404,288
3078	810892,224
3079	671764,608
3080	693391,04
3081	728691,264
3082	804770,432
3083	792198,976
3084	895106,368
3085	780532,928
3086	742436,736
3087	816588,736
3088	684926,656
3089	1179147,6
3090	731125,312
3091	662993,856
3092	640567,104
3093	659639,872
3094	647855,296
3095	660868,928
3096	683820,032
3097	681020,16
3098	695320,64
3099	723827,52
3100	711040,064
3101	702945,408
3102	711268,928
3103	725829,952
3104	715200,64
3105	733195,136
3106	732866,112
3107	737070,976
3108	743277,184
3109	746760,704
3110	763292,032
3111	770246,784
3112	787414,784
3113	782652,672
3114	794274,048
3115	799732,608
3116	799069,696
3117	813064,704
3118	825528,256
3119	822532,48
3120	842299,328
3121	843323,84
3122	854165,504
3123	867300,928
3124	868698,176
3125	875284,352
3126	882382,848
3127	881751,168
3128	894788,224
3129	902138,304
3130	913819,072
3131	919507,008
3132	918168,512
3133	927120,32
3134	940153,728
3135	953517,312
3136	965128,512
3137	970485,248
3138	975481,408
3139	983444,224
3140	1004511,92
3141	1012767,12
3142	1008791,2
3143	1014832,4
3144	1015808,56
3145	1033471,44
3146	1052846,24
3147	1050776,16
3148	1057114,72
3149	1060650,64
3150	1078470,48
3151	1100125,76
3152	1112032,16
3153	1114155,84
3154	1129987,76
3155	1139710,4
3156	1133621,12
3157	1151141,6
3158	1152997,36
3159	1176060,64
3160	1181520,16
3161	1187243,76
3162	1196341,36
3163	1252506,16
3164	1791163,36
3165	2015533,6
3166	1598648,16
3167	1595543,2
3168	1593798,4
3169	1643504
3170	1633546,4
3171	1515145,28
3172	1673010,08
3173	1464825,12
3174	1675424,32
3175	1475147,52
3176	1610749,6
3177	1649512,16
3178	1612378,08
3179	1592613,92
3180	1498435,84
3181	1503433,44
3182	1498772,64
3183	1586265,44
3184	2002610,24
3185	1839887,68
3186	1820876,64
3187	1784677,6
3188	1592259,84
3189	1531784
3190	2018880,64
3191	1710706,08
3192	1672894,4
3193	1944479,68
3194	1857829,6
3195	1883925,76
3196	2183000,96
3197	2232604,96
3198	1696701,92
3199	1875062,24
3200	2127102,72
3201	2251179,68
3202	1832310,88
3203	1856320
3204	1769977,76
3205	1691398,24
3206	1855347,36
3207	1710447,04
3208	1642988
3209	1740478,88
3210	1689636,64
3211	1727415,52
3212	1670475,84
3213	1736216,16
3214	1574168
3215	1550609,76
3216	1570000,32
3217	1575569,76
3218	1559884,16
3219	1564990,4
3220	1563417,28
3221	1575598,88
3222	1568778,72
3223	1587021,28
3224	1573823,52
3225	1835848,48
3226	1897804,8
3227	1739915,04
3228	1652951,52
3229	2141600
3230	2329451,68
3231	2474160,8
3232	2353811,68
3233	2124530,08
3234	2156212
3235	2126263,2
3236	2081827,36
3237	2017094,4
3238	2196932,96
3239	2201184,8
3240	2186378,08
3241	2457620,32
3242	2190088,96
3243	2473418,24
3244	2233860
3245	2233517,28
3246	2173961,44
3247	2410583,04
3248	2191611,04
3249	2079567,04
3250	2329795,04
3251	2162992,96
3252	2428088,96
3253	2153447,04
3254	2127376
3255	2671854,72
3256	2907171,52
3257	3674178,56
3258	3042690,88
3259	2844059,84
3260	2839556,8
3261	2724366,4
3262	2622821,44
3263	2084276,96
3264	1982262,24
3265	2098277,44
3266	2174921,44
3267	2295604,32
3268	2162550,56
3269	2228667,68
3270	2481845,76
3271	2498413,76
3272	2275230,72
3273	2448591,68
3274	2172567,52
3275	2249116,32
3276	3207009,92
3277	1700069,76
3278	2018927,84
3279	2115925,28
3280	2174070,24
3281	2536702,56
3282	2085656,48
3283	1824397,44
3284	2036618,24
3285	1985887,52
3286	2146377,44
3287	2754038,4
3288	2137913,28
3289	2398994,56
3290	2777128,32
3291	2440441,76
3292	2212733,28
3293	2222711,2
3294	2201779,52
3295	2189776,8
3296	2203703,68
3297	2219670,56
3298	2032887,52
3299	2119933,76
3300	2277924,48
3301	2125202,24
3302	7607906,56
3303	7623514,24
3304	7672476,16
3305	7689315,84
3306	7713625,6
3307	7787058,56
3308	7843380,48
3309	7880718,08
3310	7925619,84
3311	7955415,04
3312	8020723,2
3313	8099663,36
3314	8117991,04
3315	8082046,08
3316	8156822,4
3317	8251132,16
3318	8308079,36
3319	8287374,08
3320	8350188,16
3321	8359128,96
3322	8419100,8
3323	8456755,84
3324	8403264
3325	8454775,04
3326	8572785,92
3327	8544771,2
3328	8619390,08
3329	8581189,12
3330	8599045,12
3331	8703968
3332	8738291,2
3333	8788318,72
3334	8774835,84
3335	8838184,32
3336	8830659,2
3337	8901831,04
3338	8893820,16
3339	8962618,24
3340	8934869,76
3341	8942209,28
3342	9003811,84
3343	8998243,84
3344	9021057,28
3345	9097861,76
3346	9070030,72
3347	9168330,24
3348	9143098,24
3349	9207242,24
3350	9315320,32
3351	9292227,84
3352	9338645,76
3353	9336993,28
3354	9460794,88
3355	9371889,28
3356	9378266,24
3357	9292227,84
3358	9338645,76
3359	9336993,28
3360	9460794,88
3361	9371889,28
3362	9378266,24
3363	9292227,84
3364	9338645,76
3365	9336993,28
3366	9460794,88
3367	9371889,28
3368	9378266,24
3369	9292227,84
3370	9338645,76
3371	9336993,28
3372	9460794,88
3373	9371889,28
3374	9378266,24
3375	9292227,84
3376	9338645,76
3377	9336993,28
3378	9460794,88
3379	9371889,28
3380	9378266,24
3381	9292227,84
3382	9338645,76
3383	9336993,28
3384	9460794,88
3385	9371889,28
3386	9378266,24
3387	9292227,84
3388	9338645,76
3389	9336993,28
3390	9460794,88
3391	9371889,28
3392	9378266,24
3393	9292227,84
3394	9338645,76
3395	9336993,28
3396	9460794,88
3397	9371889,28
3398	9378266,24
3399	9292227,84
3400	9338645,76
3401	9336993,28
3402	9460794,88
3403	9371889,28
3404	9378266,24
3405	9292227,84
3406	9338645,76
3407	9336993,28
3408	9460794,88
3409	9371889,28
3410	9378266,24
3411	9292227,84
3412	9338645,76
3413	9336993,28
3414	9460794,88
3415	9371889,28
3416	9378266,24
3417	9292227,84
3418	9338645,76
3419	9336993,28
3420	9460794,88
3421	9371889,28
3422	9378266,24
3423	9292227,84
3424	9338645,76
3425	9336993,28
3426	9460794,88
3427	9371889,28
3428	9378266,24
3429	9292227,84
3430	9338645,76
3431	9336993,28
3432	9460794,88
3433	9371889,28
3434	9378266,24
3435	9292227,84
3436	9338645,76
3437	9336993,28
3438	9460794,88
3439	9371889,28
3440	9378266,24
3441	9292227,84
3442	9338645,76
3443	9336993,28
3444	9460794,88
3445	9371889,28
3446	9378266,24
3447	9292227,84
3448	9338645,76
3449	9336993,28
3450	9460794,88
3451	9371889,28
3452	9378266,24
3453	9292227,84
3454	9338645,76
3455	9336993,28
3456	9460794,88
3457	9371889,28
3458	9378266,24
3459	9292227,84
3460	9338645,76
3461	9336993,28
3462	9460794,88
3463	9371889,28
3464	9378266,24
3465	9292227,84
3466	9338645,76
3467	9336993,28
3468	9460794,88
3469	9371889,28
3470	9378266,24
3471	9292227,84
3472	9338645,76
3473	9336993,28
3474	9460794,88
3475	9371889,28
3476	9378266,24
3477	9292227,84
3478	9338645,76
3479	9336993,28
3480	9460794,88
3481	9371889,28
3482	9378266,24
3483	9292227,84
3484	9338645,76
3485	9336993,28
3486	9460794,88
3487	9371889,28
3488	9378266,24
3489	9292227,84
3490	9338645,76
3491	9336993,28
3492	9460794,88
3493	9371889,28
3494	9378266,24
3495	9292227,84
3496	9338645,76
3497	9336993,28
3498	9460794,88
3499	9371889,28
3500	9378266,24
3501	9292227,84
3502	9338645,76
3503	9336993,28
3504	9460794,88
3505	9371889,28
3506	9378266,24
3507	9292227,84
3508	9338645,76
3509	9336993,28
3510	9460794,88
3511	9371889,28
3512	9378266,24
3513	9292227,84
3514	9338645,76
3515	9336993,28
3516	9460794,88
3517	9371889,28
3518	9378266,24
3519	9292227,84
3520	9338645,76
3521	9336993,28
3522	9460794,88
3523	9371889,28
3524	9378266,24
3525	9292227,84
3526	9338645,76
3527	9336993,28
3528	9460794,88
3529	9371889,28
3530	9378266,24
3531	9292227,84
3532	9338645,76
3533	9336993,28
3534	9460794,88
3535	9371889,28
3536	9378266,24
3537	9292227,84
3538	9338645,76
3539	9336993,28
3540	9460794,88
3541	9371889,28
3542	9378266,24
3543	9292227,84
3544	9338645,76
3545	9336993,28
3546	9460794,88
3547	9371889,28
3548	9378266,24
3549	9292227,84
3550	9338645,76
3551	9336993,28
3552	9460794,88
3553	9371889,28
3554	9378266,24
