1,06500E+0	4,13763E+2
1,56500E+0	4,13791E+2
2,06500E+0	4,13796E+2
2,56500E+0	4,13741E+2
3,06500E+0	4,13793E+2
3,56500E+0	4,13792E+2
4,06500E+0	4,13773E+2
4,56500E+0	4,13768E+2
5,06500E+0	4,13786E+2
5,56500E+0	4,13765E+2
6,06500E+0	4,13746E+2
6,56500E+0	4,13737E+2
7,06500E+0	4,13764E+2
7,56500E+0	4,13734E+2
8,06500E+0	4,13797E+2
8,56500E+0	4,13789E+2
9,06500E+0	4,13783E+2
9,56500E+0	4,13807E+2
1,00650E+1	4,13819E+2
1,05650E+1	4,13813E+2
1,10650E+1	4,13762E+2
1,15650E+1	4,13792E+2
1,20650E+1	4,13818E+2
1,25650E+1	4,13804E+2
1,30650E+1	4,13820E+2
1,35650E+1	4,13844E+2
1,40650E+1	4,13872E+2
1,45650E+1	4,13892E+2
1,50650E+1	4,13895E+2
1,55650E+1	4,13901E+2
1,60650E+1	4,13911E+2
1,65650E+1	4,13943E+2
1,70650E+1	4,13919E+2
1,75650E+1	4,13945E+2
1,80650E+1	4,13923E+2
1,85650E+1	4,13975E+2
1,90650E+1	4,13982E+2
1,95650E+1	4,13977E+2
2,00650E+1	4,13981E+2
2,05650E+1	4,13960E+2
2,10650E+1	4,13976E+2
2,15650E+1	4,13922E+2
2,20650E+1	4,13939E+2
2,25650E+1	4,13938E+2
2,30650E+1	4,13925E+2
2,35650E+1	4,13909E+2
2,40650E+1	4,13980E+2
2,45650E+1	4,13945E+2
2,50650E+1	4,13976E+2
2,55650E+1	4,13967E+2
2,60650E+1	4,13960E+2
2,65650E+1	4,13942E+2
2,70650E+1	4,13969E+2
2,75650E+1	4,14110E+2
2,80650E+1	4,14202E+2
2,85650E+1	4,14259E+2
2,90650E+1	4,14243E+2
2,95650E+1	4,14280E+2
3,00650E+1	4,14291E+2
3,05650E+1	4,14269E+2
3,10650E+1	4,14327E+2
3,15650E+1	4,14348E+2
3,20650E+1	4,14362E+2
3,25650E+1	4,14338E+2
3,30650E+1	4,14328E+2
3,35650E+1	4,14378E+2
3,40650E+1	4,14438E+2
3,45650E+1	4,14484E+2
3,50650E+1	4,14411E+2
3,55650E+1	4,14459E+2
3,60650E+1	4,14458E+2
3,65650E+1	4,14478E+2
3,70650E+1	4,14484E+2
3,75650E+1	4,14460E+2
3,80650E+1	4,14502E+2
3,85650E+1	4,14473E+2
3,90650E+1	4,14577E+2
3,95650E+1	4,14537E+2
4,00650E+1	4,14612E+2
4,05650E+1	4,14531E+2
4,10650E+1	4,14565E+2
4,15650E+1	4,14569E+2
4,20650E+1	4,14576E+2
4,25650E+1	4,14567E+2
4,30650E+1	4,14556E+2
4,35650E+1	4,14622E+2
4,40650E+1	4,14588E+2
4,45650E+1	4,14662E+2
4,50650E+1	4,14573E+2
4,55650E+1	4,14688E+2
4,60650E+1	4,14651E+2
4,65650E+1	4,14709E+2
4,70650E+1	4,14700E+2
4,75650E+1	4,14779E+2
4,80650E+1	4,14764E+2
4,85650E+1	4,14798E+2
4,90650E+1	4,14809E+2
4,95650E+1	4,14770E+2
5,00650E+1	4,14804E+2
5,05650E+1	4,14729E+2
5,10650E+1	4,14809E+2
5,15650E+1	4,14745E+2
5,20650E+1	4,14781E+2
5,25650E+1	4,14770E+2
5,30650E+1	4,14775E+2
5,35650E+1	4,14754E+2
5,40650E+1	4,14743E+2
5,45650E+1	4,14758E+2
5,50650E+1	4,14845E+2
5,55650E+1	4,14794E+2
5,60650E+1	4,14780E+2
5,65650E+1	4,14796E+2
5,70650E+1	4,14851E+2
5,75650E+1	4,14839E+2
5,80650E+1	4,14873E+2
5,85650E+1	4,14960E+2
5,90650E+1	4,14966E+2
5,95650E+1	4,15007E+2
6,00650E+1	4,14948E+2
6,05650E+1	4,14905E+2
6,10650E+1	4,14922E+2
6,15650E+1	4,14946E+2
6,20650E+1	4,15050E+2
6,25650E+1	4,15017E+2
6,30650E+1	4,15035E+2
6,35650E+1	4,15027E+2
6,40650E+1	4,15040E+2
6,45650E+1	4,15069E+2
6,50650E+1	4,15049E+2
6,55650E+1	4,15032E+2
6,60650E+1	4,15057E+2
6,65650E+1	4,15029E+2
6,70650E+1	4,15043E+2
6,75650E+1	4,15072E+2
6,80650E+1	4,15117E+2
6,85650E+1	4,15115E+2
6,90650E+1	4,15035E+2
6,95650E+1	4,15069E+2
7,00650E+1	4,15080E+2
7,05650E+1	4,15149E+2
7,10650E+1	4,15196E+2
7,15650E+1	4,15125E+2
7,20650E+1	4,15146E+2
7,25650E+1	4,15174E+2
7,30650E+1	4,15219E+2
7,35650E+1	4,15220E+2
7,40650E+1	4,15293E+2
7,45650E+1	4,15234E+2
7,50650E+1	4,15316E+2
7,55650E+1	4,15316E+2
7,60650E+1	4,15335E+2
7,65650E+1	4,15376E+2
7,70650E+1	4,15438E+2
7,75650E+1	4,15441E+2
7,80650E+1	4,15426E+2
7,85650E+1	4,15492E+2
7,90650E+1	4,15500E+2
7,95650E+1	4,15542E+2
8,00650E+1	4,15544E+2
8,05650E+1	4,15581E+2
8,10650E+1	4,15564E+2
8,15650E+1	4,15533E+2
8,20650E+1	4,15570E+2
8,25650E+1	4,15547E+2
8,30650E+1	4,15572E+2
8,35650E+1	4,15622E+2
8,40650E+1	4,15606E+2
8,45650E+1	4,15634E+2
8,50650E+1	4,15625E+2
8,55650E+1	4,15672E+2
8,60650E+1	4,15670E+2
8,65650E+1	4,15676E+2
8,70650E+1	4,15675E+2
8,75650E+1	4,15650E+2
8,80650E+1	4,15653E+2
8,85650E+1	4,15687E+2
8,90650E+1	4,15683E+2
8,95650E+1	4,15714E+2
9,00650E+1	4,15707E+2
9,05650E+1	4,15738E+2
9,10650E+1	4,15732E+2
9,15650E+1	4,15735E+2
9,20650E+1	4,15749E+2
9,25650E+1	4,15738E+2
9,30650E+1	4,15725E+2
9,35650E+1	4,15763E+2
9,40650E+1	4,15816E+2
9,45650E+1	4,15832E+2
9,50650E+1	4,15879E+2
9,55650E+1	4,15838E+2
9,60650E+1	4,15877E+2
9,65650E+1	4,15834E+2
9,70650E+1	4,15886E+2
9,75650E+1	4,15950E+2
9,80650E+1	4,16017E+2
9,85650E+1	4,16023E+2
9,90650E+1	4,16051E+2
9,95650E+1	4,16045E+2
1,00065E+2	4,16046E+2
1,00565E+2	4,16058E+2
1,01065E+2	4,16071E+2
1,01565E+2	4,16136E+2
1,02065E+2	4,16365E+2
1,02565E+2	4,16388E+2
1,03065E+2	4,16379E+2
1,03565E+2	4,16377E+2
1,04065E+2	4,16401E+2
1,04565E+2	4,16406E+2
1,05065E+2	4,16421E+2
1,05565E+2	4,16430E+2
1,06065E+2	4,16490E+2
1,06565E+2	4,16475E+2
1,07065E+2	4,16521E+2
1,07565E+2	4,16533E+2
1,08065E+2	4,16521E+2
1,08565E+2	4,16536E+2
1,09065E+2	4,16528E+2
1,09565E+2	4,16599E+2
1,10065E+2	4,16587E+2
1,10565E+2	4,16667E+2
1,11065E+2	4,16658E+2
1,11565E+2	4,16661E+2
1,12065E+2	4,16674E+2
1,12565E+2	4,16698E+2
1,13065E+2	4,16691E+2
1,13565E+2	4,16648E+2
1,14065E+2	4,16637E+2
1,14565E+2	4,16652E+2
1,15065E+2	4,16679E+2
1,15565E+2	4,16740E+2
1,16065E+2	4,16762E+2
1,16565E+2	4,16765E+2
1,17065E+2	4,16765E+2
1,17565E+2	4,16791E+2
1,18065E+2	4,16780E+2
1,18565E+2	4,16774E+2
1,19065E+2	4,16819E+2
1,19565E+2	4,16822E+2
1,20065E+2	4,16847E+2
1,20565E+2	4,16846E+2
1,21065E+2	4,16917E+2
1,21565E+2	4,16925E+2
1,22065E+2	4,17660E+2
1,22576E+2	4,24553E+2
1,23086E+2	4,27510E+2
1,23587E+2	4,29420E+2
1,24088E+2	4,30962E+2
1,24589E+2	4,32337E+2
1,25090E+2	4,33035E+2
1,25591E+2	4,33519E+2
1,26092E+2	4,34198E+2
1,26593E+2	4,34981E+2
1,27094E+2	4,35723E+2
1,27595E+2	4,35932E+2
1,28095E+2	4,36571E+2
1,28595E+2	4,37223E+2
1,29095E+2	4,37935E+2
1,29596E+2	4,38575E+2
1,30096E+2	4,39199E+2
1,30596E+2	4,39849E+2
1,31096E+2	4,40472E+2
1,31596E+2	4,41098E+2
1,32096E+2	4,41671E+2
1,32596E+2	4,42297E+2
1,33096E+2	4,42860E+2
1,33596E+2	4,43413E+2
1,34096E+2	4,43952E+2
1,34596E+2	4,44508E+2
1,35096E+2	4,45054E+2
1,35596E+2	4,45551E+2
1,36096E+2	4,46077E+2
1,36596E+2	4,46526E+2
1,37096E+2	4,47031E+2
1,37596E+2	4,47475E+2
1,38096E+2	4,47957E+2
1,38596E+2	4,48407E+2
1,39096E+2	4,48885E+2
1,39596E+2	4,49318E+2
1,40096E+2	4,49724E+2
1,40596E+2	4,50176E+2
1,41108E+2	4,50620E+2
1,41608E+2	4,51057E+2
1,42108E+2	4,51474E+2
1,42608E+2	4,51865E+2
1,43108E+2	4,52200E+2
1,43608E+2	4,52604E+2
1,44108E+2	4,52985E+2
1,44608E+2	4,53321E+2
1,45108E+2	4,53694E+2
1,45608E+2	4,54066E+2
1,46108E+2	4,54389E+2
1,46608E+2	4,54638E+2
1,47108E+2	4,55311E+2
1,47608E+2	4,55947E+2
1,48108E+2	4,56405E+2
1,48608E+2	4,57093E+2
1,49108E+2	4,57701E+2
1,49608E+2	4,58267E+2
1,50108E+2	4,58760E+2
1,50608E+2	4,59228E+2
1,51108E+2	4,59662E+2
1,51608E+2	4,60071E+2
1,52108E+2	4,60474E+2
1,52608E+2	4,60844E+2
1,53108E+2	4,61203E+2
1,53608E+2	4,61580E+2
1,54108E+2	4,61948E+2
1,54608E+2	4,62303E+2
1,55108E+2	4,62640E+2
1,55608E+2	4,62990E+2
1,56108E+2	4,63355E+2
1,56608E+2	4,63697E+2
1,57108E+2	4,64003E+2
1,57608E+2	4,64305E+2
1,58108E+2	4,64590E+2
1,58608E+2	4,64881E+2
1,59108E+2	4,65145E+2
1,59608E+2	4,65448E+2
1,60108E+2	4,65687E+2
1,60608E+2	4,65948E+2
1,61108E+2	4,66238E+2
1,61608E+2	4,66468E+2
1,62108E+2	4,66712E+2
1,62608E+2	4,66938E+2
1,63108E+2	4,67194E+2
1,63608E+2	4,67492E+2
1,64108E+2	4,67692E+2
1,64608E+2	4,67914E+2
1,65108E+2	4,68126E+2
1,65608E+2	4,68330E+2
1,66108E+2	4,68544E+2
1,66608E+2	4,68734E+2
1,67108E+2	4,68913E+2
1,67608E+2	4,69023E+2
1,68108E+2	4,69226E+2
1,68608E+2	4,69369E+2
1,69108E+2	4,69501E+2
1,69608E+2	4,69685E+2
1,70108E+2	4,69861E+2
1,70608E+2	4,70009E+2
1,71108E+2	4,70157E+2
1,71608E+2	4,70283E+2
1,72108E+2	4,70405E+2
1,72608E+2	4,70523E+2
1,73108E+2	4,70675E+2
1,73608E+2	4,70813E+2
1,74108E+2	4,70985E+2
1,74608E+2	4,71090E+2
1,75108E+2	4,71193E+2
1,75608E+2	4,71308E+2
1,76108E+2	4,71418E+2
1,76608E+2	4,71523E+2
1,77108E+2	4,71597E+2
1,77608E+2	4,71692E+2
1,78108E+2	4,71744E+2
1,78608E+2	4,71888E+2
1,79108E+2	4,71943E+2
1,79608E+2	4,72055E+2
1,80108E+2	4,72109E+2
1,80608E+2	4,72208E+2
1,81108E+2	4,72263E+2
1,81608E+2	4,72313E+2
1,82108E+2	4,72370E+2
1,82608E+2	4,72420E+2
1,83108E+2	4,72455E+2
1,83608E+2	4,72542E+2
1,84108E+2	4,72601E+2
1,84608E+2	4,72631E+2
1,85108E+2	4,72657E+2
1,85608E+2	4,72717E+2
1,86108E+2	4,72759E+2
1,86608E+2	4,72768E+2
1,87108E+2	4,72787E+2
1,87608E+2	4,72817E+2
1,88108E+2	4,72875E+2
1,88608E+2	4,72906E+2
1,89108E+2	4,72917E+2
1,89608E+2	4,72946E+2
1,90108E+2	4,72965E+2
1,90608E+2	4,73003E+2
1,91108E+2	4,73022E+2
1,91608E+2	4,72986E+2
1,92108E+2	4,73025E+2
1,92608E+2	4,73089E+2
1,93108E+2	4,73077E+2
1,93608E+2	4,73053E+2
1,94108E+2	4,73052E+2
1,94608E+2	4,73056E+2
1,95108E+2	4,73060E+2
1,95608E+2	4,72997E+2
1,96108E+2	4,73003E+2
1,96608E+2	4,72974E+2
1,97108E+2	4,72957E+2
1,97608E+2	4,72946E+2
1,98108E+2	4,72938E+2
1,98608E+2	4,72926E+2
1,99108E+2	4,72881E+2
1,99608E+2	4,72857E+2
2,00108E+2	4,72848E+2
2,00608E+2	4,72807E+2
2,01108E+2	4,72794E+2
2,01608E+2	4,72708E+2
2,02108E+2	4,72851E+2
2,02608E+2	4,73423E+2
2,03108E+2	4,73732E+2
2,03608E+2	4,73950E+2
2,04108E+2	4,74198E+2
2,04608E+2	4,74330E+2
2,05108E+2	4,74504E+2
2,05608E+2	4,74626E+2
2,06108E+2	4,74751E+2
2,06608E+2	4,74874E+2
2,07108E+2	4,74945E+2
2,07608E+2	4,75020E+2
2,08108E+2	4,75117E+2
2,08608E+2	4,75169E+2
2,09108E+2	4,75262E+2
2,09608E+2	4,75320E+2
2,10108E+2	4,75409E+2
2,10608E+2	4,75447E+2
2,11108E+2	4,75519E+2
2,11608E+2	4,75614E+2
2,12108E+2	4,75639E+2
2,12608E+2	4,75719E+2
2,13108E+2	4,75729E+2
2,13608E+2	4,75782E+2
2,14108E+2	4,75834E+2
2,14608E+2	4,75808E+2
2,15108E+2	4,75851E+2
2,15608E+2	4,75817E+2
2,16108E+2	4,75834E+2
2,16608E+2	4,75844E+2
2,17108E+2	4,75817E+2
2,17608E+2	4,75829E+2
2,18108E+2	4,75822E+2
2,18608E+2	4,75822E+2
2,19108E+2	4,75814E+2
2,19608E+2	4,75797E+2
2,20108E+2	4,75833E+2
2,20608E+2	4,75741E+2
2,21108E+2	4,75720E+2
2,21608E+2	4,75701E+2
2,22108E+2	4,75699E+2
2,22608E+2	4,75629E+2
2,23108E+2	4,75563E+2
2,23608E+2	4,75512E+2
2,24108E+2	4,75456E+2
2,24608E+2	4,75352E+2
2,25108E+2	4,75334E+2
2,25608E+2	4,75300E+2
2,26108E+2	4,75274E+2
2,26608E+2	4,75250E+2
2,27108E+2	4,75174E+2
2,27608E+2	4,75105E+2
2,28108E+2	4,75030E+2
2,28608E+2	4,75013E+2
2,29108E+2	4,74954E+2
2,29608E+2	4,74933E+2
2,30108E+2	4,74925E+2
2,30608E+2	4,74870E+2
2,31108E+2	4,74813E+2
2,31608E+2	4,74763E+2
2,32108E+2	4,74670E+2
2,32608E+2	4,74618E+2
2,33108E+2	4,74527E+2
2,33608E+2	4,74450E+2
2,34108E+2	4,74415E+2
2,34608E+2	4,74307E+2
2,35108E+2	4,74202E+2
2,35608E+2	4,74094E+2
2,36108E+2	4,73985E+2
2,36608E+2	4,73889E+2
2,37108E+2	4,73793E+2
2,37608E+2	4,73736E+2
2,38108E+2	4,73648E+2
2,38608E+2	4,73621E+2
2,39108E+2	4,73470E+2
2,39608E+2	4,73406E+2
2,40108E+2	4,73313E+2
2,40608E+2	4,73243E+2
2,41108E+2	4,73187E+2
2,41608E+2	4,73061E+2
2,42108E+2	4,72996E+2
2,42608E+2	4,72906E+2
2,43108E+2	4,72751E+2
2,43608E+2	4,70689E+2
2,44108E+2	4,68400E+2
2,44608E+2	4,66930E+2
2,45108E+2	4,65772E+2
2,45608E+2	4,64834E+2
2,46108E+2	4,64007E+2
2,46608E+2	4,63201E+2
2,47108E+2	4,62418E+2
2,47608E+2	4,61706E+2
2,48108E+2	4,61023E+2
2,48608E+2	4,60314E+2
2,49108E+2	4,59693E+2
2,49608E+2	4,59015E+2
2,50108E+2	4,58407E+2
2,50608E+2	4,57798E+2
2,51108E+2	4,57140E+2
2,51608E+2	4,56574E+2
2,52108E+2	4,56000E+2
2,52608E+2	4,55437E+2
2,53108E+2	4,54851E+2
2,53608E+2	4,54278E+2
2,54108E+2	4,53787E+2
2,54608E+2	4,53263E+2
2,55108E+2	4,52747E+2
2,55608E+2	4,52251E+2
2,56108E+2	4,51722E+2
2,56608E+2	4,51239E+2
2,57108E+2	4,50755E+2
2,57608E+2	4,50299E+2
2,58108E+2	4,49840E+2
2,58608E+2	4,49413E+2
2,59108E+2	4,48974E+2
2,59608E+2	4,48538E+2
2,60108E+2	4,48089E+2
2,60608E+2	4,47645E+2
2,61108E+2	4,47237E+2
2,61608E+2	4,46804E+2
2,62108E+2	4,46400E+2
2,62608E+2	4,45974E+2
2,63108E+2	4,45573E+2
2,63608E+2	4,45191E+2
2,64108E+2	4,44760E+2
2,64608E+2	4,44389E+2
2,65108E+2	4,44030E+2
2,65608E+2	4,43612E+2
2,66108E+2	4,43273E+2
2,66608E+2	4,42891E+2
2,67108E+2	4,42528E+2
2,67608E+2	4,42195E+2
2,68108E+2	4,41837E+2
2,68608E+2	4,41545E+2
2,69108E+2	4,41198E+2
2,69608E+2	4,40906E+2
2,70108E+2	4,40556E+2
2,70608E+2	4,40219E+2
2,71108E+2	4,39984E+2
2,71608E+2	4,39664E+2
2,72108E+2	4,39357E+2
2,72608E+2	4,39112E+2
2,73108E+2	4,38818E+2
2,73608E+2	4,38548E+2
2,74108E+2	4,38236E+2
2,74608E+2	4,37959E+2
2,75108E+2	4,37656E+2
2,75608E+2	4,37402E+2
2,76108E+2	4,37141E+2
2,76608E+2	4,36931E+2
2,77108E+2	4,36691E+2
2,77608E+2	4,36423E+2
2,78108E+2	4,36175E+2
2,78608E+2	4,35898E+2
2,79108E+2	4,35680E+2
2,79608E+2	4,35431E+2
2,80108E+2	4,35222E+2
2,80608E+2	4,35014E+2
2,81108E+2	4,34839E+2
2,81608E+2	4,34598E+2
2,82108E+2	4,34383E+2
2,82608E+2	4,34182E+2
2,83108E+2	4,33995E+2
2,83608E+2	4,33784E+2
2,84108E+2	4,33614E+2
2,84608E+2	4,33416E+2
2,85108E+2	4,33204E+2
2,85608E+2	4,33027E+2
2,86108E+2	4,32856E+2
2,86608E+2	4,32634E+2
2,87108E+2	4,32448E+2
2,87608E+2	4,32322E+2
2,88108E+2	4,32168E+2
2,88608E+2	4,31998E+2
2,89108E+2	4,31839E+2
2,89608E+2	4,31663E+2
2,90108E+2	4,31475E+2
2,90608E+2	4,31319E+2
2,91108E+2	4,31165E+2
2,91608E+2	4,30974E+2
2,92108E+2	4,30866E+2
2,92608E+2	4,30646E+2
2,93108E+2	4,30474E+2
2,93608E+2	4,30327E+2
2,94108E+2	4,30178E+2
2,94608E+2	4,30018E+2
2,95108E+2	4,29842E+2
2,95608E+2	4,29732E+2
2,96108E+2	4,29641E+2
2,96608E+2	4,29478E+2
2,97108E+2	4,29359E+2
2,97608E+2	4,29226E+2
2,98108E+2	4,29119E+2
2,98608E+2	4,29043E+2
2,99108E+2	4,28923E+2
2,99608E+2	4,28763E+2
3,00108E+2	4,28637E+2
3,00608E+2	4,28539E+2
3,01108E+2	4,28478E+2
3,01608E+2	4,28317E+2
3,02108E+2	4,28232E+2
3,02608E+2	4,28123E+2
3,03108E+2	4,28025E+2
3,03608E+2	4,27932E+2
3,04108E+2	4,27791E+2
3,04608E+2	4,27659E+2
3,05108E+2	4,27524E+2
3,05608E+2	4,27438E+2
3,06108E+2	4,27354E+2
3,06608E+2	4,27231E+2
3,07108E+2	4,27152E+2
3,07608E+2	4,27061E+2
3,08108E+2	4,26956E+2
3,08608E+2	4,26828E+2
3,09108E+2	4,26733E+2
3,09608E+2	4,26666E+2
3,10108E+2	4,26566E+2
3,10608E+2	4,26484E+2
3,11108E+2	4,26404E+2
3,11608E+2	4,26295E+2
3,12108E+2	4,26228E+2
3,12608E+2	4,26104E+2
3,13108E+2	4,26058E+2
3,13608E+2	4,25982E+2
3,14108E+2	4,25886E+2
3,14608E+2	4,25840E+2
3,15108E+2	4,25733E+2
3,15608E+2	4,25640E+2
3,16108E+2	4,25559E+2
3,16608E+2	4,25502E+2
3,17108E+2	4,25427E+2
3,17608E+2	4,25343E+2
3,18108E+2	4,25243E+2
3,18608E+2	4,25187E+2
3,19108E+2	4,25134E+2
3,19608E+2	4,25064E+2
3,20108E+2	4,24967E+2
3,20608E+2	4,24941E+2
3,21108E+2	4,24892E+2
3,21608E+2	4,24801E+2
3,22108E+2	4,24731E+2
3,22608E+2	4,24642E+2
3,23108E+2	4,24577E+2
3,23608E+2	4,24532E+2
3,24108E+2	4,24482E+2
3,24608E+2	4,24424E+2
3,25108E+2	4,24341E+2
3,25608E+2	4,24293E+2
3,26108E+2	4,24254E+2
3,26608E+2	4,24184E+2
3,27108E+2	4,24133E+2
3,27608E+2	4,24092E+2
3,28108E+2	4,24073E+2
3,28608E+2	4,23993E+2
3,29108E+2	4,23926E+2
3,29608E+2	4,23913E+2
3,30108E+2	4,23852E+2
3,30608E+2	4,23779E+2
3,31108E+2	4,23772E+2
3,31608E+2	4,23729E+2
3,32108E+2	4,23706E+2
3,32608E+2	4,23656E+2
3,33108E+2	4,23575E+2
3,33608E+2	4,23540E+2
3,34108E+2	4,23488E+2
3,34608E+2	4,23423E+2
3,35108E+2	4,23376E+2
3,35608E+2	4,23359E+2
3,36108E+2	4,23348E+2
3,36608E+2	4,23304E+2
3,37108E+2	4,23247E+2
3,37608E+2	4,23223E+2
3,38108E+2	4,23206E+2
3,38608E+2	4,23172E+2
3,39108E+2	4,23079E+2
3,39608E+2	4,23045E+2
3,40108E+2	4,23011E+2
3,40608E+2	4,22978E+2
3,41108E+2	4,22941E+2
3,41608E+2	4,22906E+2
3,42108E+2	4,22855E+2
3,42608E+2	4,22860E+2
3,43108E+2	4,22808E+2
3,43608E+2	4,22775E+2
3,44108E+2	4,22738E+2
3,44608E+2	4,22721E+2
3,45108E+2	4,22715E+2
3,45608E+2	4,22671E+2
3,46108E+2	4,22667E+2
3,46608E+2	4,22638E+2
3,47108E+2	4,22613E+2
3,47608E+2	4,22582E+2
3,48108E+2	4,22581E+2
3,48608E+2	4,22559E+2
3,49108E+2	4,22544E+2
3,49608E+2	4,22515E+2
3,50108E+2	4,22500E+2
3,50608E+2	4,22482E+2
3,51108E+2	4,22421E+2
3,51608E+2	4,22419E+2
3,52108E+2	4,22420E+2
3,52608E+2	4,22405E+2
3,53108E+2	4,22378E+2
3,53608E+2	4,22403E+2
3,54108E+2	4,22407E+2
3,54608E+2	4,22401E+2
3,55108E+2	4,22434E+2
3,55608E+2	4,22397E+2
3,56108E+2	4,22356E+2
3,56608E+2	4,22351E+2
3,57108E+2	4,22315E+2
3,57608E+2	4,22263E+2
3,58108E+2	4,22243E+2
3,58608E+2	4,22201E+2
3,59108E+2	4,22170E+2
3,59608E+2	4,22292E+2
3,60108E+2	4,22776E+2
3,60608E+2	4,22698E+2
3,61108E+2	4,22653E+2
3,61608E+2	4,22649E+2
3,62108E+2	4,24739E+2
3,62608E+2	4,32284E+2
3,63108E+2	4,35558E+2
3,63608E+2	4,37815E+2
3,64108E+2	4,39593E+2
3,64608E+2	4,40419E+2
3,65108E+2	4,40408E+2
3,65608E+2	4,40657E+2
3,66108E+2	4,41236E+2
3,66608E+2	4,41972E+2
3,67108E+2	4,42798E+2
3,67608E+2	4,43624E+2
3,68108E+2	4,44405E+2
3,68608E+2	4,45254E+2
3,69108E+2	4,46016E+2
3,69608E+2	4,46783E+2
3,70108E+2	4,47504E+2
3,70608E+2	4,48263E+2
3,71108E+2	4,48957E+2
3,71608E+2	4,49644E+2
3,72108E+2	4,50338E+2
3,72608E+2	4,51014E+2
3,73108E+2	4,51715E+2
3,73608E+2	4,52379E+2
3,74108E+2	4,53024E+2
3,74608E+2	4,53593E+2
3,75108E+2	4,54210E+2
3,75608E+2	4,54843E+2
3,76108E+2	4,55410E+2
3,76608E+2	4,55936E+2
3,77108E+2	4,56465E+2
3,77608E+2	4,57019E+2
3,78108E+2	4,57586E+2
3,78608E+2	4,58122E+2
3,79108E+2	4,58666E+2
3,79608E+2	4,59168E+2
3,80108E+2	4,59669E+2
3,80608E+2	4,60169E+2
3,81108E+2	4,60612E+2
3,81608E+2	4,61088E+2
3,82108E+2	4,61552E+2
3,82608E+2	4,62013E+2
3,83108E+2	4,62453E+2
3,83608E+2	4,62912E+2
3,84108E+2	4,63310E+2
3,84608E+2	4,63723E+2
3,85108E+2	4,64109E+2
3,85608E+2	4,64453E+2
3,86108E+2	4,64828E+2
3,86608E+2	4,65245E+2
3,87108E+2	4,65631E+2
3,87608E+2	4,66003E+2
3,88108E+2	4,66348E+2
3,88608E+2	4,66704E+2
3,89108E+2	4,67080E+2
3,89608E+2	4,67405E+2
3,90108E+2	4,67688E+2
3,90608E+2	4,67993E+2
3,91108E+2	4,68298E+2
3,91608E+2	4,68631E+2
3,92108E+2	4,68870E+2
3,92608E+2	4,69152E+2
3,93108E+2	4,69481E+2
3,93608E+2	4,69729E+2
3,94108E+2	4,70020E+2
3,94608E+2	4,70285E+2
3,95108E+2	4,70581E+2
3,95608E+2	4,70822E+2
3,96108E+2	4,71016E+2
3,96608E+2	4,71330E+2
3,97108E+2	4,71614E+2
3,97608E+2	4,71842E+2
3,98108E+2	4,72048E+2
3,98608E+2	4,72307E+2
3,99108E+2	4,72483E+2
3,99608E+2	4,72674E+2
4,00108E+2	4,72864E+2
4,00608E+2	4,73417E+2
4,01108E+2	4,73881E+2
4,01608E+2	4,74161E+2
4,02108E+2	4,74560E+2
4,02608E+2	4,74885E+2
4,03108E+2	4,75188E+2
4,03608E+2	4,75473E+2
4,04108E+2	4,75737E+2
4,04608E+2	4,75968E+2
4,05108E+2	4,76180E+2
4,05608E+2	4,76402E+2
4,06108E+2	4,76594E+2
4,06608E+2	4,76841E+2
4,07108E+2	4,77076E+2
4,07608E+2	4,77268E+2
4,08108E+2	4,77449E+2
4,08608E+2	4,77612E+2
4,09108E+2	4,77774E+2
4,09608E+2	4,77969E+2
4,10108E+2	4,78156E+2
4,10608E+2	4,78318E+2
4,11108E+2	4,78473E+2
4,11608E+2	4,78655E+2
4,12108E+2	4,78792E+2
4,12608E+2	4,78925E+2
4,13108E+2	4,79075E+2
4,13608E+2	4,79175E+2
4,14108E+2	4,79322E+2
4,14608E+2	4,79454E+2
4,15108E+2	4,79595E+2
4,15608E+2	4,79712E+2
4,16108E+2	4,79772E+2
4,16608E+2	4,79879E+2
4,17108E+2	4,80047E+2
4,17608E+2	4,80149E+2
4,18108E+2	4,80251E+2
4,18608E+2	4,80303E+2
4,19108E+2	4,80422E+2
4,19608E+2	4,80507E+2
4,20108E+2	4,80565E+2
4,20608E+2	4,80672E+2
4,21108E+2	4,80744E+2
4,21608E+2	4,80796E+2
4,22108E+2	4,80863E+2
4,22608E+2	4,80893E+2
4,23108E+2	4,81015E+2
4,23608E+2	4,81054E+2
4,24108E+2	4,81113E+2
4,24608E+2	4,81134E+2
4,25108E+2	4,81194E+2
4,25608E+2	4,81247E+2
4,26108E+2	4,81288E+2
4,26608E+2	4,81302E+2
4,27108E+2	4,81297E+2
4,27608E+2	4,81382E+2
4,28108E+2	4,82062E+2
4,28608E+2	4,82291E+2
4,29108E+2	4,82455E+2
4,29608E+2	4,82669E+2
4,30108E+2	4,82863E+2
4,30608E+2	4,82959E+2
4,31108E+2	4,83083E+2
4,31608E+2	4,83170E+2
4,32108E+2	4,83291E+2
4,32608E+2	4,83365E+2
4,33108E+2	4,83498E+2
4,33608E+2	4,83525E+2
4,34108E+2	4,83630E+2
4,34608E+2	4,83709E+2
4,35108E+2	4,83774E+2
4,35608E+2	4,83876E+2
4,36108E+2	4,83915E+2
4,36608E+2	4,83975E+2
4,37108E+2	4,84007E+2
4,37608E+2	4,84050E+2
4,38108E+2	4,84121E+2
4,38608E+2	4,84107E+2
4,39108E+2	4,84094E+2
4,39608E+2	4,84154E+2
4,40108E+2	4,84170E+2
4,40608E+2	4,84179E+2
4,41108E+2	4,84207E+2
4,41608E+2	4,84229E+2
4,42108E+2	4,84245E+2
4,42608E+2	4,84274E+2
4,43108E+2	4,84252E+2
4,43608E+2	4,84281E+2
4,44108E+2	4,84280E+2
4,44608E+2	4,84267E+2
4,45108E+2	4,84218E+2
4,45608E+2	4,84246E+2
4,46108E+2	4,84249E+2
4,46608E+2	4,84207E+2
4,47108E+2	4,84181E+2
4,47608E+2	4,84160E+2
4,48108E+2	4,84138E+2
4,48608E+2	4,84125E+2
4,49108E+2	4,84067E+2
4,49608E+2	4,83986E+2
4,50108E+2	4,83859E+2
4,50608E+2	4,83917E+2
4,51108E+2	4,84158E+2
4,51608E+2	4,84286E+2
4,52108E+2	4,84337E+2
4,52608E+2	4,84594E+2
4,53108E+2	4,84867E+2
4,53608E+2	4,85135E+2
4,54108E+2	4,85229E+2
4,54608E+2	4,85374E+2
4,55108E+2	4,85445E+2
4,55608E+2	4,85488E+2
4,56108E+2	4,85552E+2
4,56608E+2	4,85593E+2
4,57108E+2	4,85637E+2
4,57608E+2	4,85705E+2
4,58108E+2	4,85672E+2
4,58608E+2	4,85686E+2
4,59108E+2	4,85713E+2
4,59608E+2	4,85696E+2
4,60108E+2	4,85727E+2
4,60608E+2	4,85737E+2
4,61108E+2	4,85730E+2
4,61608E+2	4,85715E+2
4,62108E+2	4,85630E+2
4,62608E+2	4,85639E+2
4,63108E+2	4,85638E+2
4,63608E+2	4,85614E+2
4,64108E+2	4,85550E+2
4,64608E+2	4,85548E+2
4,65108E+2	4,85493E+2
4,65608E+2	4,85447E+2
4,66108E+2	4,85364E+2
4,66608E+2	4,85334E+2
4,67108E+2	4,85308E+2
4,67608E+2	4,85216E+2
4,68108E+2	4,85176E+2
4,68608E+2	4,85091E+2
4,69108E+2	4,84979E+2
4,69608E+2	4,84929E+2
4,70108E+2	4,84872E+2
4,70608E+2	4,84788E+2
4,71108E+2	4,84703E+2
4,71608E+2	4,84607E+2
4,72108E+2	4,84525E+2
4,72608E+2	4,84395E+2
4,73108E+2	4,84300E+2
4,73608E+2	4,84196E+2
4,74108E+2	4,84075E+2
4,74608E+2	4,83949E+2
4,75108E+2	4,83857E+2
4,75608E+2	4,83756E+2
4,76108E+2	4,83609E+2
4,76608E+2	4,83467E+2
4,77108E+2	4,83393E+2
4,77608E+2	4,83270E+2
4,78108E+2	4,83153E+2
4,78608E+2	4,83011E+2
4,79108E+2	4,82853E+2
4,79608E+2	4,82668E+2
4,80108E+2	4,82474E+2
4,80608E+2	4,82364E+2
4,81108E+2	4,82221E+2
4,81608E+2	4,82055E+2
4,82108E+2	4,81940E+2
4,82608E+2	4,81768E+2
4,83108E+2	4,81570E+2
4,83608E+2	4,79332E+2
4,84108E+2	4,76934E+2
4,84608E+2	4,75423E+2
4,85108E+2	4,74280E+2
4,85608E+2	4,73312E+2
4,86108E+2	4,72461E+2
4,86608E+2	4,71625E+2
4,87108E+2	4,70848E+2
4,87608E+2	4,70079E+2
4,88108E+2	4,69386E+2
4,88608E+2	4,68717E+2
4,89108E+2	4,68008E+2
4,89608E+2	4,67324E+2
4,90108E+2	4,66647E+2
4,90608E+2	4,65968E+2
4,91108E+2	4,65335E+2
4,91608E+2	4,64716E+2
4,92108E+2	4,64130E+2
4,92608E+2	4,63530E+2
4,93108E+2	4,62931E+2
4,93608E+2	4,62337E+2
4,94108E+2	4,61732E+2
4,94608E+2	4,61187E+2
4,95108E+2	4,60625E+2
4,95608E+2	4,60101E+2
4,96108E+2	4,59574E+2
4,96608E+2	4,59036E+2
4,97108E+2	4,58504E+2
4,97608E+2	4,57996E+2
4,98108E+2	4,57511E+2
4,98608E+2	4,57017E+2
4,99108E+2	4,56544E+2
4,99608E+2	4,56077E+2
5,00108E+2	4,55635E+2
5,00608E+2	4,55128E+2
5,01108E+2	4,54657E+2
5,01608E+2	4,54227E+2
5,02108E+2	4,53788E+2
5,02608E+2	4,53392E+2
5,03108E+2	4,52922E+2
5,03608E+2	4,52524E+2
5,04108E+2	4,52115E+2
5,04608E+2	4,51726E+2
5,05108E+2	4,51344E+2
5,05608E+2	4,50907E+2
5,06108E+2	4,50512E+2
5,06608E+2	4,50108E+2
5,07108E+2	4,49744E+2
5,07608E+2	4,49390E+2
5,08108E+2	4,49113E+2
5,08608E+2	4,48774E+2
5,09108E+2	4,48425E+2
5,09608E+2	4,48071E+2
5,10108E+2	4,47738E+2
5,10608E+2	4,47427E+2
5,11108E+2	4,47087E+2
5,11608E+2	4,46730E+2
5,12108E+2	4,46423E+2
5,12608E+2	4,46093E+2
5,13108E+2	4,45837E+2
5,13608E+2	4,45523E+2
5,14108E+2	4,45238E+2
5,14608E+2	4,44937E+2
5,15108E+2	4,44647E+2
5,15608E+2	4,44349E+2
5,16108E+2	4,44062E+2
5,16608E+2	4,43773E+2
5,17108E+2	4,43492E+2
5,17608E+2	4,43214E+2
5,18108E+2	4,42958E+2
5,18608E+2	4,42716E+2
5,19108E+2	4,42463E+2
5,19608E+2	4,42216E+2
5,20108E+2	4,41949E+2
5,20608E+2	4,41652E+2
5,21108E+2	4,41422E+2
5,21608E+2	4,41178E+2
5,22108E+2	4,40975E+2
5,22608E+2	4,40735E+2
5,23108E+2	4,40531E+2
5,23608E+2	4,40281E+2
5,24108E+2	4,40030E+2
5,24608E+2	4,39817E+2
5,25108E+2	4,39622E+2
5,25608E+2	4,39391E+2
5,26108E+2	4,39210E+2
5,26608E+2	4,39032E+2
5,27108E+2	4,38821E+2
5,27608E+2	4,38635E+2
5,28108E+2	4,38447E+2
5,28608E+2	4,38236E+2
5,29108E+2	4,38038E+2
5,29608E+2	4,37878E+2
5,30108E+2	4,37704E+2
5,30608E+2	4,37509E+2
5,31108E+2	4,37357E+2
5,31608E+2	4,37192E+2
5,32108E+2	4,37049E+2
5,32608E+2	4,36937E+2
5,33108E+2	4,36757E+2
5,33608E+2	4,36573E+2
5,34108E+2	4,36417E+2
5,34608E+2	4,36307E+2
5,35108E+2	4,36143E+2
5,35608E+2	4,35977E+2
5,36108E+2	4,35848E+2
5,36608E+2	4,35673E+2
5,37108E+2	4,35501E+2
5,37608E+2	4,35350E+2
5,38108E+2	4,35206E+2
5,38608E+2	4,35045E+2
5,39108E+2	4,34861E+2
5,39608E+2	4,34774E+2
5,40108E+2	4,34631E+2
5,40608E+2	4,34466E+2
5,41108E+2	4,34320E+2
5,41608E+2	4,34229E+2
5,42108E+2	4,34116E+2
5,42608E+2	4,33957E+2
5,43108E+2	4,33858E+2
5,43608E+2	4,33726E+2
5,44108E+2	4,33588E+2
5,44608E+2	4,33492E+2
5,45108E+2	4,33359E+2
5,45608E+2	4,33223E+2
5,46108E+2	4,33122E+2
5,46608E+2	4,32988E+2
5,47108E+2	4,32890E+2
5,47608E+2	4,32819E+2
5,48108E+2	4,32697E+2
5,48608E+2	4,32592E+2
5,49108E+2	4,32477E+2
5,49608E+2	4,32350E+2
5,50108E+2	4,32278E+2
5,50608E+2	4,32230E+2
5,51108E+2	4,32182E+2
5,51608E+2	4,32077E+2
5,52108E+2	4,31976E+2
5,52608E+2	4,31872E+2
5,53108E+2	4,31777E+2
5,53608E+2	4,31685E+2
5,54108E+2	4,31581E+2
5,54608E+2	4,31464E+2
5,55108E+2	4,31345E+2
5,55608E+2	4,31312E+2
5,56108E+2	4,31221E+2
5,56608E+2	4,31128E+2
5,57108E+2	4,31052E+2
5,57608E+2	4,30958E+2
5,58108E+2	4,30899E+2
5,58608E+2	4,30868E+2
5,59108E+2	4,30816E+2
5,59608E+2	4,30712E+2
5,60108E+2	4,30665E+2
5,60608E+2	4,30593E+2
5,61108E+2	4,30510E+2
5,61608E+2	4,30390E+2
5,62108E+2	4,30316E+2
5,62608E+2	4,30215E+2
5,63108E+2	4,30133E+2
5,63608E+2	4,30069E+2
5,64108E+2	4,30002E+2
5,64608E+2	4,29915E+2
5,65108E+2	4,29875E+2
5,65608E+2	4,29863E+2
5,66108E+2	4,29806E+2
5,66608E+2	4,29745E+2
5,67108E+2	4,29661E+2
5,67608E+2	4,29620E+2
5,68108E+2	4,29567E+2
5,68608E+2	4,29506E+2
5,69108E+2	4,29476E+2
5,69608E+2	4,29422E+2
5,70108E+2	4,29364E+2
5,70608E+2	4,29288E+2
5,71108E+2	4,29236E+2
5,71608E+2	4,29197E+2
5,72108E+2	4,29194E+2
5,72608E+2	4,29105E+2
5,73108E+2	4,29099E+2
5,73608E+2	4,29033E+2
5,74108E+2	4,28985E+2
5,74608E+2	4,28950E+2
5,75109E+2	4,28923E+2
5,75609E+2	4,28857E+2
5,76109E+2	4,28831E+2
5,76609E+2	4,28783E+2
5,77109E+2	4,28758E+2
5,77609E+2	4,28782E+2
5,78109E+2	4,28790E+2
5,78609E+2	4,28721E+2
5,79109E+2	4,28628E+2
5,79609E+2	4,28639E+2
5,80109E+2	4,28606E+2
5,80609E+2	4,28567E+2
5,81109E+2	4,28482E+2
5,81609E+2	4,28452E+2
5,82109E+2	4,28400E+2
5,82609E+2	4,28419E+2
5,83109E+2	4,28410E+2
5,83609E+2	4,28377E+2
5,84109E+2	4,28347E+2
5,84609E+2	4,28293E+2
5,85109E+2	4,28287E+2
5,85609E+2	4,28250E+2
5,86109E+2	4,28168E+2
5,86609E+2	4,28127E+2
5,87109E+2	4,28113E+2
5,87609E+2	4,28096E+2
5,88109E+2	4,28095E+2
5,88609E+2	4,28080E+2
5,89109E+2	4,28066E+2
5,89609E+2	4,28061E+2
5,90109E+2	4,28044E+2
5,90609E+2	4,28023E+2
5,91109E+2	4,28001E+2
5,91609E+2	4,27998E+2
5,92109E+2	4,27954E+2
5,92609E+2	4,27949E+2
5,93109E+2	4,27903E+2
5,93609E+2	4,27923E+2
5,94109E+2	4,27889E+2
5,94609E+2	4,27849E+2
5,95109E+2	4,27796E+2
5,95609E+2	4,27797E+2
5,96109E+2	4,27784E+2
5,96609E+2	4,27748E+2
5,97109E+2	4,27761E+2
5,97609E+2	4,27720E+2
5,98109E+2	4,27743E+2
5,98609E+2	4,27733E+2
5,99109E+2	4,27724E+2
5,99609E+2	4,27719E+2
6,00109E+2	4,27702E+2
6,00609E+2	4,27665E+2
6,01109E+2	4,27633E+2
6,01609E+2	4,27636E+2
6,02109E+2	4,27616E+2
6,02609E+2	4,27602E+2
6,03109E+2	4,34329E+2
6,03609E+2	4,38303E+2
6,04109E+2	4,40626E+2
6,04609E+2	4,42371E+2
6,05109E+2	4,43954E+2
6,05609E+2	4,45290E+2
6,06109E+2	4,46522E+2
6,06609E+2	4,47712E+2
6,07109E+2	4,48743E+2
6,07609E+2	4,49708E+2
6,08109E+2	4,50348E+2
6,08609E+2	4,50856E+2
6,09109E+2	4,51695E+2
6,09610E+2	4,52578E+2
6,10110E+2	4,53410E+2
6,10610E+2	4,54101E+2
6,11110E+2	4,54541E+2
6,11610E+2	4,55155E+2
6,12110E+2	4,55853E+2
6,12610E+2	4,56412E+2
6,13110E+2	4,56685E+2
6,13610E+2	4,57164E+2
6,14110E+2	4,57698E+2
6,14610E+2	4,58251E+2
6,15110E+2	4,58824E+2
6,15610E+2	4,59408E+2
6,16110E+2	4,59997E+2
6,16610E+2	4,60555E+2
6,17110E+2	4,61079E+2
6,17610E+2	4,61585E+2
6,18110E+2	4,62102E+2
6,18610E+2	4,62588E+2
6,19110E+2	4,63004E+2
6,19610E+2	4,63491E+2
6,20110E+2	4,63955E+2
6,20610E+2	4,64432E+2
6,21110E+2	4,64863E+2
6,21610E+2	4,65301E+2
6,22110E+2	4,65722E+2
6,22610E+2	4,66139E+2
6,23110E+2	4,66547E+2
6,23610E+2	4,66939E+2
6,24110E+2	4,67307E+2
6,24610E+2	4,67679E+2
6,25110E+2	4,68042E+2
6,25610E+2	4,68411E+2
6,26110E+2	4,68736E+2
6,26610E+2	4,69143E+2
6,27110E+2	4,69454E+2
6,27610E+2	4,69821E+2
6,28110E+2	4,70144E+2
6,28610E+2	4,70405E+2
6,29110E+2	4,70700E+2
6,29610E+2	4,71037E+2
6,30110E+2	4,71306E+2
6,30610E+2	4,71595E+2
6,31110E+2	4,71892E+2
6,31610E+2	4,72125E+2
6,32110E+2	4,72339E+2
6,32610E+2	4,72612E+2
6,33110E+2	4,72848E+2
6,33610E+2	4,73056E+2
6,34110E+2	4,73306E+2
6,34610E+2	4,73553E+2
6,35110E+2	4,73758E+2
6,35610E+2	4,73969E+2
6,36110E+2	4,74172E+2
6,36610E+2	4,74323E+2
6,37110E+2	4,74487E+2
6,37610E+2	4,74697E+2
6,38110E+2	4,74862E+2
6,38610E+2	4,74989E+2
6,39110E+2	4,75152E+2
6,39610E+2	4,75335E+2
6,40110E+2	4,75452E+2
6,40610E+2	4,75579E+2
6,41110E+2	4,75748E+2
6,41610E+2	4,75870E+2
6,42110E+2	4,75989E+2
6,42610E+2	4,76108E+2
6,43110E+2	4,76239E+2
6,43610E+2	4,76338E+2
6,44110E+2	4,76404E+2
6,44610E+2	4,76611E+2
6,45110E+2	4,76707E+2
6,45610E+2	4,76756E+2
6,46110E+2	4,76789E+2
6,46610E+2	4,76806E+2
6,47110E+2	4,77349E+2
6,47610E+2	4,78159E+2
6,48110E+2	4,78658E+2
6,48610E+2	4,79057E+2
6,49110E+2	4,79403E+2
6,49610E+2	4,79649E+2
6,50110E+2	4,79870E+2
6,50610E+2	4,80109E+2
6,51110E+2	4,80281E+2
6,51610E+2	4,80501E+2
6,52110E+2	4,80689E+2
6,52610E+2	4,80852E+2
6,53110E+2	4,80971E+2
6,53610E+2	4,81126E+2
6,54110E+2	4,81281E+2
6,54610E+2	4,81428E+2
6,55110E+2	4,81539E+2
6,55610E+2	4,81637E+2
6,56110E+2	4,81774E+2
6,56610E+2	4,81893E+2
6,57110E+2	4,81990E+2
6,57610E+2	4,82106E+2
6,58110E+2	4,82191E+2
6,58610E+2	4,82285E+2
6,59110E+2	4,82333E+2
6,59610E+2	4,82388E+2
6,60110E+2	4,82445E+2
6,60610E+2	4,82514E+2
6,61110E+2	4,82575E+2
6,61610E+2	4,82620E+2
6,62110E+2	4,82626E+2
6,62610E+2	4,82660E+2
6,63110E+2	4,82681E+2
6,63610E+2	4,82735E+2
6,64110E+2	4,82742E+2
6,64610E+2	4,82699E+2
6,65110E+2	4,82730E+2
6,65610E+2	4,82719E+2
6,66110E+2	4,82673E+2
6,66610E+2	4,82685E+2
6,67110E+2	4,82668E+2
6,67610E+2	4,82638E+2
6,68110E+2	4,82608E+2
6,68610E+2	4,82570E+2
6,69110E+2	4,82563E+2
6,69610E+2	4,82506E+2
6,70110E+2	4,82473E+2
6,70610E+2	4,82574E+2
6,71110E+2	4,82655E+2
6,71610E+2	4,82971E+2
6,72110E+2	4,83196E+2
6,72610E+2	4,83375E+2
6,73110E+2	4,83476E+2
6,73610E+2	4,83545E+2
6,74110E+2	4,83646E+2
6,74610E+2	4,83769E+2
6,75110E+2	4,83787E+2
6,75610E+2	4,83842E+2
6,76110E+2	4,83879E+2
6,76610E+2	4,83835E+2
6,77110E+2	4,83813E+2
6,77610E+2	4,83852E+2
6,78110E+2	4,83783E+2
6,78610E+2	4,83761E+2
6,79110E+2	4,83698E+2
6,79610E+2	4,83627E+2
6,80110E+2	4,83582E+2
6,80610E+2	4,83526E+2
6,81110E+2	4,83471E+2
6,81610E+2	4,83371E+2
6,82110E+2	4,83269E+2
6,82610E+2	4,83180E+2
6,83110E+2	4,83018E+2
6,83610E+2	4,82914E+2
6,84110E+2	4,82771E+2
6,84610E+2	4,82705E+2
6,85110E+2	4,82532E+2
6,85610E+2	4,82390E+2
6,86110E+2	4,82231E+2
6,86610E+2	4,82071E+2
6,87110E+2	4,81933E+2
6,87610E+2	4,81757E+2
6,88110E+2	4,81586E+2
6,88610E+2	4,81444E+2
6,89110E+2	4,81233E+2
6,89610E+2	4,81019E+2
6,90110E+2	4,80824E+2
6,90610E+2	4,80604E+2
6,91110E+2	4,80378E+2
6,91610E+2	4,80190E+2
6,92110E+2	4,79934E+2
6,92610E+2	4,80511E+2
6,93110E+2	4,81412E+2
6,93610E+2	4,81841E+2
6,94110E+2	4,82023E+2
6,94610E+2	4,82086E+2
6,95110E+2	4,82090E+2
6,95610E+2	4,82142E+2
6,96110E+2	4,82081E+2
6,96610E+2	4,81984E+2
6,97110E+2	4,81895E+2
6,97610E+2	4,81920E+2
6,98110E+2	4,82348E+2
6,98610E+2	4,82594E+2
6,99110E+2	4,82757E+2
6,99610E+2	4,82812E+2
7,00110E+2	4,82742E+2
7,00610E+2	4,82604E+2
7,01110E+2	4,82501E+2
7,01610E+2	4,82299E+2
7,02110E+2	4,82273E+2
7,02610E+2	4,82514E+2
7,03110E+2	4,82850E+2
7,03610E+2	4,83251E+2
7,04110E+2	4,83496E+2
7,04610E+2	4,83456E+2
7,05110E+2	4,83200E+2
7,05610E+2	4,82997E+2
7,06110E+2	4,83154E+2
7,06610E+2	4,83261E+2
7,07110E+2	4,82853E+2
7,07610E+2	4,82184E+2
7,08110E+2	4,81332E+2
7,08610E+2	4,80278E+2
7,09110E+2	4,79162E+2
7,09610E+2	4,78044E+2
7,10110E+2	4,85612E+2
7,10610E+2	4,89535E+2
7,11110E+2	4,91009E+2
7,11610E+2	4,91594E+2
7,12110E+2	4,91632E+2
7,12610E+2	4,91414E+2
7,13110E+2	4,90890E+2
7,13610E+2	4,90125E+2
7,14110E+2	4,89525E+2
7,14610E+2	4,88834E+2
7,15110E+2	4,88105E+2
7,15610E+2	4,87263E+2
7,16110E+2	4,86080E+2
7,16610E+2	4,84637E+2
7,17110E+2	4,83042E+2
7,17610E+2	4,81589E+2
7,18110E+2	4,80347E+2
7,18610E+2	4,79370E+2
7,19110E+2	4,78414E+2
7,19610E+2	4,77631E+2
7,20110E+2	4,82801E+2
7,20610E+2	4,84369E+2
7,21110E+2	4,84525E+2
7,21610E+2	4,84547E+2
7,22110E+2	4,84523E+2
7,22610E+2	4,84595E+2
7,23110E+2	4,84489E+2
7,23610E+2	4,84371E+2
7,24110E+2	4,84184E+2
7,24610E+2	4,83912E+2
7,25110E+2	4,83530E+2
7,25610E+2	4,80198E+2
7,26110E+2	4,78302E+2
7,26610E+2	4,77045E+2
7,27110E+2	4,76037E+2
7,27610E+2	4,75190E+2
7,28110E+2	4,74477E+2
7,28610E+2	4,73695E+2
7,29110E+2	4,73026E+2
7,29610E+2	4,72379E+2
7,30110E+2	4,71726E+2
7,30610E+2	4,71059E+2
7,31110E+2	4,70426E+2
7,31610E+2	4,69852E+2
7,32110E+2	4,69258E+2
7,32610E+2	4,68652E+2
7,33110E+2	4,68104E+2
7,33610E+2	4,67576E+2
7,34110E+2	4,66997E+2
7,34610E+2	4,66458E+2
7,35110E+2	4,65917E+2
7,35610E+2	4,65397E+2
7,36110E+2	4,64869E+2
7,36610E+2	4,64360E+2
7,37110E+2	4,63898E+2
7,37610E+2	4,63416E+2
7,38110E+2	4,62965E+2
7,38610E+2	4,62476E+2
7,39110E+2	4,62020E+2
7,39610E+2	4,61541E+2
7,40110E+2	4,61063E+2
7,40610E+2	4,60605E+2
7,41110E+2	4,60195E+2
7,41610E+2	4,59773E+2
7,42110E+2	4,59359E+2
7,42610E+2	4,58923E+2
7,43110E+2	4,58585E+2
7,43610E+2	4,58191E+2
7,44110E+2	4,57770E+2
7,44610E+2	4,57399E+2
7,45110E+2	4,57036E+2
7,45610E+2	4,56678E+2
7,46110E+2	4,56271E+2
7,46610E+2	4,55927E+2
7,47110E+2	4,55580E+2
7,47610E+2	4,55221E+2
7,48110E+2	4,54861E+2
7,48610E+2	4,54517E+2
7,49110E+2	4,54158E+2
7,49610E+2	4,53845E+2
7,50110E+2	4,53503E+2
7,50610E+2	4,53176E+2
7,51110E+2	4,52889E+2
7,51610E+2	4,52530E+2
7,52110E+2	4,52222E+2
7,52610E+2	4,51931E+2
7,53110E+2	4,51611E+2
7,53610E+2	4,51318E+2
7,54110E+2	4,51075E+2
7,54610E+2	4,50762E+2
7,55110E+2	4,50491E+2
7,55610E+2	4,50218E+2
7,56110E+2	4,50007E+2
7,56610E+2	4,49764E+2
7,57110E+2	4,49481E+2
7,57610E+2	4,49183E+2
7,58110E+2	4,48975E+2
7,58610E+2	4,48700E+2
7,59110E+2	4,48431E+2
7,59610E+2	4,48204E+2
7,60110E+2	4,47935E+2
7,60610E+2	4,47691E+2
7,61110E+2	4,47483E+2
7,61610E+2	4,47278E+2
7,62110E+2	4,47043E+2
7,62610E+2	4,46821E+2
7,63110E+2	4,46570E+2
7,63610E+2	4,46338E+2
7,64110E+2	4,46154E+2
7,64610E+2	4,45960E+2
7,65110E+2	4,45720E+2
7,65610E+2	4,45546E+2
7,66110E+2	4,45369E+2
7,66610E+2	4,45185E+2
7,67110E+2	4,44973E+2
7,67610E+2	4,44773E+2
7,68110E+2	4,44624E+2
7,68610E+2	4,44422E+2
7,69110E+2	4,44221E+2
7,69610E+2	4,44057E+2
7,70110E+2	4,43876E+2
7,70610E+2	4,43674E+2
7,71110E+2	4,43487E+2
7,71610E+2	4,43321E+2
7,72110E+2	4,43162E+2
7,72610E+2	4,43045E+2
7,73110E+2	4,42836E+2
7,73610E+2	4,42684E+2
7,74110E+2	4,42552E+2
7,74610E+2	4,42411E+2
7,75110E+2	4,42284E+2
7,75610E+2	4,42144E+2
7,76110E+2	4,42000E+2
7,76610E+2	4,41825E+2
7,77110E+2	4,41675E+2
7,77610E+2	4,41525E+2
7,78110E+2	4,41377E+2
7,78610E+2	4,41237E+2
7,79110E+2	4,41106E+2
7,79610E+2	4,40978E+2
7,80110E+2	4,40859E+2
7,80610E+2	4,40763E+2
7,81110E+2	4,40650E+2
7,81610E+2	4,40517E+2
7,82110E+2	4,40398E+2
7,82610E+2	4,40301E+2
7,83110E+2	4,40206E+2
7,83610E+2	4,40107E+2
7,84110E+2	4,40010E+2
7,84610E+2	4,39882E+2
7,85110E+2	4,39791E+2
7,85610E+2	4,39644E+2
7,86110E+2	4,39543E+2
7,86610E+2	4,39429E+2
7,87110E+2	4,39365E+2
7,87610E+2	4,39266E+2
7,88110E+2	4,39173E+2
7,88610E+2	4,39051E+2
7,89110E+2	4,38955E+2
7,89610E+2	4,38844E+2
7,90110E+2	4,38735E+2
7,90610E+2	4,38634E+2
7,91110E+2	4,38547E+2
7,91610E+2	4,38466E+2
7,92110E+2	4,38390E+2
7,92610E+2	4,38316E+2
7,93110E+2	4,38276E+2
7,93610E+2	4,38141E+2
7,94110E+2	4,38049E+2
7,94610E+2	4,38005E+2
7,95110E+2	4,37893E+2
7,95610E+2	4,37836E+2
7,96110E+2	4,37744E+2
7,96610E+2	4,37688E+2
7,97110E+2	4,37644E+2
7,97610E+2	4,37596E+2
7,98110E+2	4,37559E+2
7,98610E+2	4,37532E+2
7,99110E+2	4,37454E+2
7,99610E+2	4,37380E+2
8,00110E+2	4,37347E+2
8,00610E+2	4,37258E+2
8,01110E+2	4,37178E+2
8,01610E+2	4,37147E+2
8,02110E+2	4,37127E+2
8,02610E+2	4,37072E+2
8,03110E+2	4,37005E+2
8,03610E+2	4,36929E+2
8,04110E+2	4,36862E+2
8,04610E+2	4,36785E+2
8,05110E+2	4,36766E+2
8,05610E+2	4,36701E+2
8,06110E+2	4,36633E+2
8,06610E+2	4,36630E+2
8,07110E+2	4,36558E+2
8,07610E+2	4,36502E+2
8,08110E+2	4,36433E+2
8,08610E+2	4,36422E+2
8,09110E+2	4,36344E+2
8,09610E+2	4,36262E+2
8,10110E+2	4,36246E+2
8,10610E+2	4,36200E+2
8,11110E+2	4,36166E+2
8,11610E+2	4,36131E+2
8,12110E+2	4,36070E+2
8,12610E+2	4,35982E+2
8,13110E+2	4,35935E+2
8,13610E+2	4,35918E+2
8,14110E+2	4,35868E+2
8,14610E+2	4,35828E+2
8,15110E+2	4,35776E+2
8,15610E+2	4,35744E+2
8,16110E+2	4,35740E+2
8,16610E+2	4,35708E+2
8,17110E+2	4,35718E+2
8,17610E+2	4,35653E+2
8,18110E+2	4,35633E+2
8,18610E+2	4,35589E+2
8,19110E+2	4,35572E+2
8,19610E+2	4,35548E+2
8,20110E+2	4,35503E+2
8,20610E+2	4,35499E+2
8,21110E+2	4,35419E+2
8,21610E+2	4,35397E+2
8,22110E+2	4,35413E+2
8,22610E+2	4,35384E+2
8,23110E+2	4,35350E+2
8,23610E+2	4,35316E+2
8,24110E+2	4,35290E+2
8,24610E+2	4,35233E+2
8,25110E+2	4,35257E+2
8,25610E+2	4,35201E+2
8,26110E+2	4,35162E+2
8,26610E+2	4,35125E+2
8,27110E+2	4,35072E+2
8,27610E+2	4,35050E+2
8,28110E+2	4,35035E+2
8,28610E+2	4,35038E+2
8,29110E+2	4,34988E+2
8,29610E+2	4,34949E+2
8,30110E+2	4,34853E+2
8,30610E+2	4,34894E+2
8,31110E+2	4,34907E+2
8,31610E+2	4,34993E+2
8,32110E+2	4,34943E+2
8,32610E+2	4,34929E+2
8,33110E+2	4,34879E+2
8,33610E+2	4,34851E+2
8,34110E+2	4,34841E+2
8,34610E+2	4,34810E+2
8,35110E+2	4,34774E+2
8,35610E+2	4,34775E+2
8,36110E+2	4,34719E+2
8,36610E+2	4,34712E+2
8,37110E+2	4,34710E+2
8,37610E+2	4,34700E+2
8,38110E+2	4,34717E+2
8,38610E+2	4,34653E+2